1
1
1
1
(150 0
((0,128) (63,159) (0,0))
((256,128) (319,159) (0,0))
((128,128) (191,159) (0,0))
((0,800) (63,831) (0,0))
((0,672) (63,703) (0,0))
((0,544) (63,575) (0,0))
((0,416) (63,447) (0,0))
((0,320) (63,351) (0,0))
((0,224) (63,255) (0,0))
((256,800) (319,831) (0,0))
((256,672) (319,703) (0,0))
((256,544) (319,575) (0,0))
((256,416) (319,447) (0,0))
((256,320) (319,351) (0,0))
((256,224) (319,255) (0,0))
((128,800) (191,831) (0,0))
((128,672) (191,703) (0,0))
((128,544) (191,575) (0,0))
((128,416) (191,447) (0,0))
((128,320) (191,351) (0,0))
((128,224) (191,255) (0,0))
((0,160) (63,191) (0,0))
((256,160) (319,191) (0,0))
((128,160) (191,191) (0,0))
((0,864) (63,895) (0,0))
((0,736) (63,767) (0,0))
((0,608) (63,639) (0,0))
((0,480) (63,511) (0,0))
((0,352) (63,383) (0,0))
((0,256) (63,287) (0,0))
((256,864) (319,895) (0,0))
((256,736) (319,767) (0,0))
((256,608) (319,639) (0,0))
((256,480) (319,511) (0,0))
((256,352) (319,383) (0,0))
((256,256) (319,287) (0,0))
((128,864) (191,895) (0,0))
((128,736) (191,767) (0,0))
((128,608) (191,639) (0,0))
((128,480) (191,511) (0,0))
((128,352) (191,383) (0,0))
((128,256) (191,287) (0,0))
((64,128) (127,159) (0,0))
((320,128) (383,159) (0,0))
((192,128) (255,159) (0,0))
((64,800) (127,831) (0,0))
((64,672) (127,703) (0,0))
((64,544) (127,575) (0,0))
((64,416) (127,447) (0,0))
((64,320) (127,351) (0,0))
((64,224) (127,255) (0,0))
((320,800) (383,831) (0,0))
((320,672) (383,703) (0,0))
((320,544) (383,575) (0,0))
((320,416) (383,447) (0,0))
((320,320) (383,351) (0,0))
((320,224) (383,255) (0,0))
((192,800) (255,831) (0,0))
((192,672) (255,703) (0,0))
((192,544) (255,575) (0,0))
((192,416) (255,447) (0,0))
((192,320) (255,351) (0,0))
((192,224) (255,255) (0,0))
((64,160) (127,191) (0,0))
((320,160) (383,191) (0,0))
((192,160) (255,191) (0,0))
((64,864) (127,895) (0,0))
((64,736) (127,767) (0,0))
((64,608) (127,639) (0,0))
((64,480) (127,511) (0,0))
((64,352) (127,383) (0,0))
((64,256) (127,287) (0,0))
((320,864) (383,895) (0,0))
((320,736) (383,767) (0,0))
((320,608) (383,639) (0,0))
((320,480) (383,511) (0,0))
((320,352) (383,383) (0,0))
((320,256) (383,287) (0,0))
((192,864) (255,895) (0,0))
((192,736) (255,767) (0,0))
((192,608) (255,639) (0,0))
((192,480) (255,511) (0,0))
((192,352) (255,383) (0,0))
((192,256) (255,287) (0,0))
((0,832) (63,863) (0,0))
((0,704) (63,735) (0,0))
((0,576) (63,607) (0,0))
((0,448) (63,479) (0,0))
((256,832) (319,863) (0,0))
((256,704) (319,735) (0,0))
((256,576) (319,607) (0,0))
((256,448) (319,479) (0,0))
((128,832) (191,863) (0,0))
((128,704) (191,735) (0,0))
((128,576) (191,607) (0,0))
((128,448) (191,479) (0,0))
((0,192) (63,223) (0,0))
((256,192) (319,223) (0,0))
((128,192) (191,223) (0,0))
((0,896) (63,927) (0,0))
((0,768) (63,799) (0,0))
((0,640) (63,671) (0,0))
((0,512) (63,543) (0,0))
((0,384) (63,415) (0,0))
((0,288) (63,319) (0,0))
((256,896) (319,927) (0,0))
((256,768) (319,799) (0,0))
((256,640) (319,671) (0,0))
((256,512) (319,543) (0,0))
((256,384) (319,415) (0,0))
((256,288) (319,319) (0,0))
((128,896) (191,927) (0,0))
((128,768) (191,799) (0,0))
((128,640) (191,671) (0,0))
((128,512) (191,543) (0,0))
((128,384) (191,415) (0,0))
((128,288) (191,319) (0,0))
((64,832) (127,863) (0,0))
((64,704) (127,735) (0,0))
((64,576) (127,607) (0,0))
((64,448) (127,479) (0,0))
((320,832) (383,863) (0,0))
((320,704) (383,735) (0,0))
((320,576) (383,607) (0,0))
((320,448) (383,479) (0,0))
((192,832) (255,863) (0,0))
((192,704) (255,735) (0,0))
((192,576) (255,607) (0,0))
((192,448) (255,479) (0,0))
((64,192) (127,223) (0,0))
((320,192) (383,223) (0,0))
((192,192) (255,223) (0,0))
((64,896) (127,927) (0,0))
((64,768) (127,799) (0,0))
((64,640) (127,671) (0,0))
((64,512) (127,543) (0,0))
((64,384) (127,415) (0,0))
((64,288) (127,319) (0,0))
((320,896) (383,927) (0,0))
((320,768) (383,799) (0,0))
((320,640) (383,671) (0,0))
((320,512) (383,543) (0,0))
((320,384) (383,415) (0,0))
((320,288) (383,319) (0,0))
((192,896) (255,927) (0,0))
((192,768) (255,799) (0,0))
((192,640) (255,671) (0,0))
((192,512) (255,543) (0,0))
((192,384) (255,415) (0,0))
((192,288) (255,319) (0,0))
)
150
FabOnDisk: SD_1_New_MF_D_00014 0
FabOnDisk: SD_1_New_MF_D_00016 36080
FabOnDisk: SD_1_New_MF_D_00015 54116
FabOnDisk: SD_1_New_MF_D_00024 198429
FabOnDisk: SD_1_New_MF_D_00024 54118
FabOnDisk: SD_1_New_MF_D_00022 90198
FabOnDisk: SD_1_New_MF_D_00019 0
FabOnDisk: SD_1_New_MF_D_00017 90194
FabOnDisk: SD_1_New_MF_D_00015 0
FabOnDisk: SD_1_New_MF_D_00030 18040
FabOnDisk: SD_1_New_MF_D_00027 0
FabOnDisk: SD_1_New_MF_D_00026 18040
FabOnDisk: SD_1_New_MF_D_00008 18040
FabOnDisk: SD_1_New_MF_D_00021 18040
FabOnDisk: SD_1_New_MF_D_00016 126280
FabOnDisk: SD_1_New_MF_D_00028 126272
FabOnDisk: SD_1_New_MF_D_00025 36079
FabOnDisk: SD_1_New_MF_D_00023 72156
FabOnDisk: SD_1_New_MF_D_00051 0
FabOnDisk: SD_1_New_MF_D_00018 72160
FabOnDisk: SD_1_New_MF_D_00011 0
FabOnDisk: SD_1_New_MF_D_00014 18038
FabOnDisk: SD_1_New_MF_D_00016 54120
FabOnDisk: SD_1_New_MF_D_00015 72156
FabOnDisk: SD_1_New_MF_D_00028 54116
FabOnDisk: SD_1_New_MF_D_00024 126272
FabOnDisk: SD_1_New_MF_D_00023 0
FabOnDisk: SD_1_New_MF_D_00000 0
FabOnDisk: SD_1_New_MF_D_00017 108232
FabOnDisk: SD_1_New_MF_D_00017 18040
FabOnDisk: SD_1_New_MF_D_00030 90200
FabOnDisk: SD_1_New_MF_D_00027 72160
FabOnDisk: SD_1_New_MF_D_00026 90200
FabOnDisk: SD_1_New_MF_D_00022 18040
FabOnDisk: SD_1_New_MF_D_00047 0
FabOnDisk: SD_1_New_MF_D_00049 0
FabOnDisk: SD_1_New_MF_D_00029 36080
FabOnDisk: SD_1_New_MF_D_00025 108239
FabOnDisk: SD_1_New_MF_D_00023 144316
FabOnDisk: SD_1_New_MF_D_00052 0
FabOnDisk: SD_1_New_MF_D_00018 90200
FabOnDisk: SD_1_New_MF_D_00018 0
FabOnDisk: SD_1_New_MF_D_00014 36076
FabOnDisk: SD_1_New_MF_D_00016 72160
FabOnDisk: SD_1_New_MF_D_00014 90192
FabOnDisk: SD_1_New_MF_D_00028 18039
FabOnDisk: SD_1_New_MF_D_00024 90195
FabOnDisk: SD_1_New_MF_D_00022 126275
FabOnDisk: SD_1_New_MF_D_00019 36077
FabOnDisk: SD_1_New_MF_D_00017 126270
FabOnDisk: SD_1_New_MF_D_00015 36077
FabOnDisk: SD_1_New_MF_D_00030 54120
FabOnDisk: SD_1_New_MF_D_00027 36080
FabOnDisk: SD_1_New_MF_D_00026 54120
FabOnDisk: SD_1_New_MF_D_00056 0
FabOnDisk: SD_1_New_MF_D_00008 0
FabOnDisk: SD_1_New_MF_D_00017 0
FabOnDisk: SD_1_New_MF_D_00029 0
FabOnDisk: SD_1_New_MF_D_00025 72159
FabOnDisk: SD_1_New_MF_D_00023 108236
FabOnDisk: SD_1_New_MF_D_00020 18040
FabOnDisk: SD_1_New_MF_D_00018 108240
FabOnDisk: SD_1_New_MF_D_00016 18040
FabOnDisk: SD_1_New_MF_D_00014 54115
FabOnDisk: SD_1_New_MF_D_00016 90200
FabOnDisk: SD_1_New_MF_D_00015 90196
FabOnDisk: SD_1_New_MF_D_00028 90193
FabOnDisk: SD_1_New_MF_D_00025 0
FabOnDisk: SD_1_New_MF_D_00023 36077
FabOnDisk: SD_1_New_MF_D_00036 0
FabOnDisk: SD_1_New_MF_D_00017 144309
FabOnDisk: SD_1_New_MF_D_00017 54116
FabOnDisk: SD_1_New_MF_D_00030 126280
FabOnDisk: SD_1_New_MF_D_00023 162356
FabOnDisk: SD_1_New_MF_D_00024 180389
FabOnDisk: SD_1_New_MF_D_00022 54120
FabOnDisk: SD_1_New_MF_D_00012 0
FabOnDisk: SD_1_New_MF_D_00039 0
FabOnDisk: SD_1_New_MF_D_00029 72160
FabOnDisk: SD_1_New_MF_D_00025 126279
FabOnDisk: SD_1_New_MF_D_00024 18040
FabOnDisk: SD_1_New_MF_D_00050 0
FabOnDisk: SD_1_New_MF_D_00017 162348
FabOnDisk: SD_1_New_MF_D_00018 36080
FabOnDisk: SD_1_New_MF_D_00028 36078
FabOnDisk: SD_1_New_MF_D_00024 108234
FabOnDisk: SD_1_New_MF_D_00022 144314
FabOnDisk: SD_1_New_MF_D_00004 0
FabOnDisk: SD_1_New_MF_D_00030 72160
FabOnDisk: SD_1_New_MF_D_00027 54120
FabOnDisk: SD_1_New_MF_D_00026 72160
FabOnDisk: SD_1_New_MF_D_00022 0
FabOnDisk: SD_1_New_MF_D_00029 18040
FabOnDisk: SD_1_New_MF_D_00025 90199
FabOnDisk: SD_1_New_MF_D_00023 126276
FabOnDisk: SD_1_New_MF_D_00020 36080
FabOnDisk: SD_1_New_MF_D_00014 72154
FabOnDisk: SD_1_New_MF_D_00016 108240
FabOnDisk: SD_1_New_MF_D_00005 0
FabOnDisk: SD_1_New_MF_D_00029 90200
FabOnDisk: SD_1_New_MF_D_00022 162352
FabOnDisk: SD_1_New_MF_D_00024 36080
FabOnDisk: SD_1_New_MF_D_00022 72160
FabOnDisk: SD_1_New_MF_D_00016 162360
FabOnDisk: SD_1_New_MF_D_00017 36078
FabOnDisk: SD_1_New_MF_D_00030 144320
FabOnDisk: SD_1_New_MF_D_00030 0
FabOnDisk: SD_1_New_MF_D_00025 144319
FabOnDisk: SD_1_New_MF_D_00026 0
FabOnDisk: SD_1_New_MF_D_00013 0
FabOnDisk: SD_1_New_MF_D_00048 0
FabOnDisk: SD_1_New_MF_D_00029 126277
FabOnDisk: SD_1_New_MF_D_00028 108232
FabOnDisk: SD_1_New_MF_D_00025 18039
FabOnDisk: SD_1_New_MF_D_00023 54116
FabOnDisk: SD_1_New_MF_D_00034 0
FabOnDisk: SD_1_New_MF_D_00018 18040
FabOnDisk: SD_1_New_MF_D_00028 72154
FabOnDisk: SD_1_New_MF_D_00024 144310
FabOnDisk: SD_1_New_MF_D_00023 18038
FabOnDisk: SD_1_New_MF_D_00058 0
FabOnDisk: SD_1_New_MF_D_00030 108240
FabOnDisk: SD_1_New_MF_D_00026 126280
FabOnDisk: SD_1_New_MF_D_00026 108240
FabOnDisk: SD_1_New_MF_D_00022 36080
FabOnDisk: SD_1_New_MF_D_00029 54120
FabOnDisk: SD_1_New_MF_D_00024 162349
FabOnDisk: SD_1_New_MF_D_00024 0
FabOnDisk: SD_1_New_MF_D_00001 0
FabOnDisk: SD_1_New_MF_D_00015 18038
FabOnDisk: SD_1_New_MF_D_00016 144320
FabOnDisk: SD_1_New_MF_D_00016 0
FabOnDisk: SD_1_New_MF_D_00029 108238
FabOnDisk: SD_1_New_MF_D_00028 0
FabOnDisk: SD_1_New_MF_D_00024 72156
FabOnDisk: SD_1_New_MF_D_00022 108236
FabOnDisk: SD_1_New_MF_D_00019 18038
FabOnDisk: SD_1_New_MF_D_00017 72155
FabOnDisk: SD_1_New_MF_D_00031 0
FabOnDisk: SD_1_New_MF_D_00030 36080
FabOnDisk: SD_1_New_MF_D_00027 18040
FabOnDisk: SD_1_New_MF_D_00026 36080
FabOnDisk: SD_1_New_MF_D_00018 126280
FabOnDisk: SD_1_New_MF_D_00021 0
FabOnDisk: SD_1_New_MF_D_00029 144317
FabOnDisk: SD_1_New_MF_D_00028 144312
FabOnDisk: SD_1_New_MF_D_00025 54119
FabOnDisk: SD_1_New_MF_D_00023 90196
FabOnDisk: SD_1_New_MF_D_00020 0
FabOnDisk: SD_1_New_MF_D_00018 54120

150,1
0.0000000000000000e+00,
0.0000000000000000e+00,
0.0000000000000000e+00,
0.0000000000000000e+00,
0.0000000000000000e+00,
0.0000000000000000e+00,
0.0000000000000000e+00,
0.0000000000000000e+00,
0.0000000000000000e+00,
0.0000000000000000e+00,
0.0000000000000000e+00,
0.0000000000000000e+00,
0.0000000000000000e+00,
0.0000000000000000e+00,
0.0000000000000000e+00,
0.0000000000000000e+00,
0.0000000000000000e+00,
0.0000000000000000e+00,
0.0000000000000000e+00,
0.0000000000000000e+00,
0.0000000000000000e+00,
0.0000000000000000e+00,
0.0000000000000000e+00,
0.0000000000000000e+00,
0.0000000000000000e+00,
0.0000000000000000e+00,
0.0000000000000000e+00,
0.0000000000000000e+00,
0.0000000000000000e+00,
0.0000000000000000e+00,
0.0000000000000000e+00,
0.0000000000000000e+00,
0.0000000000000000e+00,
0.0000000000000000e+00,
0.0000000000000000e+00,
0.0000000000000000e+00,
0.0000000000000000e+00,
0.0000000000000000e+00,
0.0000000000000000e+00,
0.0000000000000000e+00,
0.0000000000000000e+00,
0.0000000000000000e+00,
0.0000000000000000e+00,
0.0000000000000000e+00,
0.0000000000000000e+00,
0.0000000000000000e+00,
0.0000000000000000e+00,
0.0000000000000000e+00,
0.0000000000000000e+00,
0.0000000000000000e+00,
0.0000000000000000e+00,
0.0000000000000000e+00,
0.0000000000000000e+00,
0.0000000000000000e+00,
0.0000000000000000e+00,
0.0000000000000000e+00,
0.0000000000000000e+00,
0.0000000000000000e+00,
0.0000000000000000e+00,
0.0000000000000000e+00,
0.0000000000000000e+00,
0.0000000000000000e+00,
0.0000000000000000e+00,
0.0000000000000000e+00,
0.0000000000000000e+00,
0.0000000000000000e+00,
0.0000000000000000e+00,
0.0000000000000000e+00,
0.0000000000000000e+00,
0.0000000000000000e+00,
0.0000000000000000e+00,
0.0000000000000000e+00,
0.0000000000000000e+00,
0.0000000000000000e+00,
0.0000000000000000e+00,
0.0000000000000000e+00,
0.0000000000000000e+00,
0.0000000000000000e+00,
0.0000000000000000e+00,
0.0000000000000000e+00,
0.0000000000000000e+00,
0.0000000000000000e+00,
0.0000000000000000e+00,
0.0000000000000000e+00,
0.0000000000000000e+00,
0.0000000000000000e+00,
0.0000000000000000e+00,
0.0000000000000000e+00,
0.0000000000000000e+00,
0.0000000000000000e+00,
0.0000000000000000e+00,
0.0000000000000000e+00,
0.0000000000000000e+00,
0.0000000000000000e+00,
0.0000000000000000e+00,
0.0000000000000000e+00,
0.0000000000000000e+00,
0.0000000000000000e+00,
0.0000000000000000e+00,
0.0000000000000000e+00,
0.0000000000000000e+00,
0.0000000000000000e+00,
0.0000000000000000e+00,
0.0000000000000000e+00,
0.0000000000000000e+00,
0.0000000000000000e+00,
0.0000000000000000e+00,
0.0000000000000000e+00,
0.0000000000000000e+00,
0.0000000000000000e+00,
0.0000000000000000e+00,
0.0000000000000000e+00,
0.0000000000000000e+00,
0.0000000000000000e+00,
0.0000000000000000e+00,
0.0000000000000000e+00,
0.0000000000000000e+00,
0.0000000000000000e+00,
0.0000000000000000e+00,
0.0000000000000000e+00,
0.0000000000000000e+00,
0.0000000000000000e+00,
0.0000000000000000e+00,
0.0000000000000000e+00,
0.0000000000000000e+00,
0.0000000000000000e+00,
0.0000000000000000e+00,
0.0000000000000000e+00,
0.0000000000000000e+00,
0.0000000000000000e+00,
0.0000000000000000e+00,
0.0000000000000000e+00,
0.0000000000000000e+00,
0.0000000000000000e+00,
0.0000000000000000e+00,
0.0000000000000000e+00,
0.0000000000000000e+00,
0.0000000000000000e+00,
0.0000000000000000e+00,
0.0000000000000000e+00,
0.0000000000000000e+00,
0.0000000000000000e+00,
0.0000000000000000e+00,
0.0000000000000000e+00,
0.0000000000000000e+00,
0.0000000000000000e+00,
0.0000000000000000e+00,
0.0000000000000000e+00,
0.0000000000000000e+00,
0.0000000000000000e+00,

150,1
0.0000000000000000e+00,
0.0000000000000000e+00,
0.0000000000000000e+00,
0.0000000000000000e+00,
0.0000000000000000e+00,
0.0000000000000000e+00,
0.0000000000000000e+00,
0.0000000000000000e+00,
0.0000000000000000e+00,
0.0000000000000000e+00,
0.0000000000000000e+00,
0.0000000000000000e+00,
0.0000000000000000e+00,
0.0000000000000000e+00,
0.0000000000000000e+00,
0.0000000000000000e+00,
0.0000000000000000e+00,
0.0000000000000000e+00,
0.0000000000000000e+00,
0.0000000000000000e+00,
0.0000000000000000e+00,
0.0000000000000000e+00,
0.0000000000000000e+00,
0.0000000000000000e+00,
0.0000000000000000e+00,
0.0000000000000000e+00,
0.0000000000000000e+00,
0.0000000000000000e+00,
0.0000000000000000e+00,
0.0000000000000000e+00,
0.0000000000000000e+00,
0.0000000000000000e+00,
0.0000000000000000e+00,
0.0000000000000000e+00,
0.0000000000000000e+00,
0.0000000000000000e+00,
0.0000000000000000e+00,
0.0000000000000000e+00,
0.0000000000000000e+00,
0.0000000000000000e+00,
0.0000000000000000e+00,
0.0000000000000000e+00,
0.0000000000000000e+00,
0.0000000000000000e+00,
0.0000000000000000e+00,
0.0000000000000000e+00,
0.0000000000000000e+00,
0.0000000000000000e+00,
0.0000000000000000e+00,
0.0000000000000000e+00,
0.0000000000000000e+00,
0.0000000000000000e+00,
0.0000000000000000e+00,
0.0000000000000000e+00,
0.0000000000000000e+00,
0.0000000000000000e+00,
0.0000000000000000e+00,
0.0000000000000000e+00,
0.0000000000000000e+00,
0.0000000000000000e+00,
0.0000000000000000e+00,
0.0000000000000000e+00,
0.0000000000000000e+00,
0.0000000000000000e+00,
0.0000000000000000e+00,
0.0000000000000000e+00,
0.0000000000000000e+00,
0.0000000000000000e+00,
0.0000000000000000e+00,
0.0000000000000000e+00,
0.0000000000000000e+00,
0.0000000000000000e+00,
0.0000000000000000e+00,
0.0000000000000000e+00,
0.0000000000000000e+00,
0.0000000000000000e+00,
0.0000000000000000e+00,
0.0000000000000000e+00,
0.0000000000000000e+00,
0.0000000000000000e+00,
0.0000000000000000e+00,
0.0000000000000000e+00,
0.0000000000000000e+00,
0.0000000000000000e+00,
0.0000000000000000e+00,
0.0000000000000000e+00,
0.0000000000000000e+00,
0.0000000000000000e+00,
0.0000000000000000e+00,
0.0000000000000000e+00,
0.0000000000000000e+00,
0.0000000000000000e+00,
0.0000000000000000e+00,
0.0000000000000000e+00,
0.0000000000000000e+00,
0.0000000000000000e+00,
0.0000000000000000e+00,
0.0000000000000000e+00,
0.0000000000000000e+00,
0.0000000000000000e+00,
0.0000000000000000e+00,
0.0000000000000000e+00,
0.0000000000000000e+00,
0.0000000000000000e+00,
0.0000000000000000e+00,
0.0000000000000000e+00,
0.0000000000000000e+00,
0.0000000000000000e+00,
0.0000000000000000e+00,
0.0000000000000000e+00,
0.0000000000000000e+00,
0.0000000000000000e+00,
0.0000000000000000e+00,
0.0000000000000000e+00,
0.0000000000000000e+00,
0.0000000000000000e+00,
0.0000000000000000e+00,
0.0000000000000000e+00,
0.0000000000000000e+00,
0.0000000000000000e+00,
0.0000000000000000e+00,
0.0000000000000000e+00,
0.0000000000000000e+00,
0.0000000000000000e+00,
0.0000000000000000e+00,
0.0000000000000000e+00,
0.0000000000000000e+00,
0.0000000000000000e+00,
0.0000000000000000e+00,
0.0000000000000000e+00,
0.0000000000000000e+00,
0.0000000000000000e+00,
0.0000000000000000e+00,
0.0000000000000000e+00,
0.0000000000000000e+00,
0.0000000000000000e+00,
0.0000000000000000e+00,
0.0000000000000000e+00,
0.0000000000000000e+00,
0.0000000000000000e+00,
0.0000000000000000e+00,
0.0000000000000000e+00,
0.0000000000000000e+00,
0.0000000000000000e+00,
0.0000000000000000e+00,
0.0000000000000000e+00,
0.0000000000000000e+00,
0.0000000000000000e+00,
0.0000000000000000e+00,
0.0000000000000000e+00,

