CheckPointVersion_1.0
2
0.00034227100633737149
4
4
(1 (0,0)(5781250,5781250) 1)
(RealBox 0 740000000 0 1480000000 )((0,0) (127,255) (0,0)) (1 (0,0)(2890625,2890625) 1)
(RealBox 0 740000000 0 1480000000 )((0,0) (255,511) (0,0)) (1 (0,0)(1445312.5,1445312.5) 1)
(RealBox 0 740000000 0 1480000000 )((0,0) (511,1023) (0,0)) (1 (0,0)(722656.25,722656.25) 1)
(RealBox 0 740000000 0 1480000000 )((0,0) (1023,2047) (0,0)) (1 (0,0)(361328.125,361328.125) 1)
(RealBox 0 740000000 0 1480000000 )((0,0) (2047,4095) (0,0)) 
(2,2) (2,2) (2,2) (2,2) 
2.4419844873399514e-07 1.2209922436699757e-07 6.1049612183498785e-08 3.0524806091749393e-08 1.5262403045874696e-08 
2.4419844873399514e-07 1.2209922436699757e-07 6.1049612183498785e-08 3.0524806091749393e-08 1.5262403045874696e-08 
1 2 2 2 2 
1100 2200 4400 8800 17600 
1100 2200 4400 8800 17600 
0
(1 (0,0)(5781250,5781250) 1)
(RealBox 0 740000000 0 1480000000 )((0,0) (127,255) (0,0))
(32 0
((0,0) (31,31) (0,0))
((0,128) (31,159) (0,0))
((0,64) (31,95) (0,0))
((0,192) (31,223) (0,0))
((64,0) (95,31) (0,0))
((64,128) (95,159) (0,0))
((64,64) (95,95) (0,0))
((64,192) (95,223) (0,0))
((0,32) (31,63) (0,0))
((0,160) (31,191) (0,0))
((0,96) (31,127) (0,0))
((0,224) (31,255) (0,0))
((64,32) (95,63) (0,0))
((64,160) (95,191) (0,0))
((64,96) (95,127) (0,0))
((64,224) (95,255) (0,0))
((32,0) (63,31) (0,0))
((32,128) (63,159) (0,0))
((32,64) (63,95) (0,0))
((32,192) (63,223) (0,0))
((96,0) (127,31) (0,0))
((96,128) (127,159) (0,0))
((96,64) (127,95) (0,0))
((96,192) (127,223) (0,0))
((32,32) (63,63) (0,0))
((32,160) (63,191) (0,0))
((32,96) (63,127) (0,0))
((32,224) (63,255) (0,0))
((96,32) (127,63) (0,0))
((96,160) (127,191) (0,0))
((96,96) (127,127) (0,0))
((96,224) (127,255) (0,0))
)5
((0,0) (127,255) (0,0))
(32 0
((0,0) (31,31) (0,0))
((0,128) (31,159) (0,0))
((0,64) (31,95) (0,0))
((0,192) (31,223) (0,0))
((64,0) (95,31) (0,0))
((64,128) (95,159) (0,0))
((64,64) (95,95) (0,0))
((64,192) (95,223) (0,0))
((0,32) (31,63) (0,0))
((0,160) (31,191) (0,0))
((0,96) (31,127) (0,0))
((0,224) (31,255) (0,0))
((64,32) (95,63) (0,0))
((64,160) (95,191) (0,0))
((64,96) (95,127) (0,0))
((64,224) (95,255) (0,0))
((32,0) (63,31) (0,0))
((32,128) (63,159) (0,0))
((32,64) (63,95) (0,0))
((32,192) (63,223) (0,0))
((96,0) (127,31) (0,0))
((96,128) (127,159) (0,0))
((96,64) (127,95) (0,0))
((96,192) (127,223) (0,0))
((32,32) (63,63) (0,0))
((32,160) (63,191) (0,0))
((32,96) (63,127) (0,0))
((32,224) (63,255) (0,0))
((96,32) (127,63) (0,0))
((96,160) (127,191) (0,0))
((96,96) (127,127) (0,0))
((96,224) (127,255) (0,0))
)0.00034202680788863749
0.00034202680788863749
0.00034227100633737149
0.00034227100633737149
1
Level_0/SD_0_New_MF
((0,0) (127,255) (0,0))
(32 0
((0,0) (31,31) (0,0))
((0,128) (31,159) (0,0))
((0,64) (31,95) (0,0))
((0,192) (31,223) (0,0))
((64,0) (95,31) (0,0))
((64,128) (95,159) (0,0))
((64,64) (95,95) (0,0))
((64,192) (95,223) (0,0))
((0,32) (31,63) (0,0))
((0,160) (31,191) (0,0))
((0,96) (31,127) (0,0))
((0,224) (31,255) (0,0))
((64,32) (95,63) (0,0))
((64,160) (95,191) (0,0))
((64,96) (95,127) (0,0))
((64,224) (95,255) (0,0))
((32,0) (63,31) (0,0))
((32,128) (63,159) (0,0))
((32,64) (63,95) (0,0))
((32,192) (63,223) (0,0))
((96,0) (127,31) (0,0))
((96,128) (127,159) (0,0))
((96,64) (127,95) (0,0))
((96,192) (127,223) (0,0))
((32,32) (63,63) (0,0))
((32,160) (63,191) (0,0))
((32,96) (63,127) (0,0))
((32,224) (63,255) (0,0))
((96,32) (127,63) (0,0))
((96,160) (127,191) (0,0))
((96,96) (127,127) (0,0))
((96,224) (127,255) (0,0))
)0.00034202680788863749
0.00034202680788863749
0.00034227100633737149
0.00034227100633737149
1
Level_0/SD_1_New_MF
((0,0) (127,255) (0,0))
(32 0
((0,0) (31,31) (0,0))
((0,128) (31,159) (0,0))
((0,64) (31,95) (0,0))
((0,192) (31,223) (0,0))
((64,0) (95,31) (0,0))
((64,128) (95,159) (0,0))
((64,64) (95,95) (0,0))
((64,192) (95,223) (0,0))
((0,32) (31,63) (0,0))
((0,160) (31,191) (0,0))
((0,96) (31,127) (0,0))
((0,224) (31,255) (0,0))
((64,32) (95,63) (0,0))
((64,160) (95,191) (0,0))
((64,96) (95,127) (0,0))
((64,224) (95,255) (0,0))
((32,0) (63,31) (0,0))
((32,128) (63,159) (0,0))
((32,64) (63,95) (0,0))
((32,192) (63,223) (0,0))
((96,0) (127,31) (0,0))
((96,128) (127,159) (0,0))
((96,64) (127,95) (0,0))
((96,192) (127,223) (0,0))
((32,32) (63,63) (0,0))
((32,160) (63,191) (0,0))
((32,96) (63,127) (0,0))
((32,224) (63,255) (0,0))
((96,32) (127,63) (0,0))
((96,160) (127,191) (0,0))
((96,96) (127,127) (0,0))
((96,224) (127,255) (0,0))
)0.00034202680788863749
0.00034202680788863749
0.00034227100633737149
0.00034227100633737149
0
((0,0) (127,255) (0,0))
(32 0
((0,0) (31,31) (0,0))
((0,128) (31,159) (0,0))
((0,64) (31,95) (0,0))
((0,192) (31,223) (0,0))
((64,0) (95,31) (0,0))
((64,128) (95,159) (0,0))
((64,64) (95,95) (0,0))
((64,192) (95,223) (0,0))
((0,32) (31,63) (0,0))
((0,160) (31,191) (0,0))
((0,96) (31,127) (0,0))
((0,224) (31,255) (0,0))
((64,32) (95,63) (0,0))
((64,160) (95,191) (0,0))
((64,96) (95,127) (0,0))
((64,224) (95,255) (0,0))
((32,0) (63,31) (0,0))
((32,128) (63,159) (0,0))
((32,64) (63,95) (0,0))
((32,192) (63,223) (0,0))
((96,0) (127,31) (0,0))
((96,128) (127,159) (0,0))
((96,64) (127,95) (0,0))
((96,192) (127,223) (0,0))
((32,32) (63,63) (0,0))
((32,160) (63,191) (0,0))
((32,96) (63,127) (0,0))
((32,224) (63,255) (0,0))
((96,32) (127,63) (0,0))
((96,160) (127,191) (0,0))
((96,96) (127,127) (0,0))
((96,224) (127,255) (0,0))
)0.00034202680788863749
0.00034202680788863749
0.00034227100633737149
0.00034227100633737149
1
Level_0/SD_3_New_MF
((0,0) (127,255) (0,0))
(32 0
((0,0) (31,31) (0,0))
((0,128) (31,159) (0,0))
((0,64) (31,95) (0,0))
((0,192) (31,223) (0,0))
((64,0) (95,31) (0,0))
((64,128) (95,159) (0,0))
((64,64) (95,95) (0,0))
((64,192) (95,223) (0,0))
((0,32) (31,63) (0,0))
((0,160) (31,191) (0,0))
((0,96) (31,127) (0,0))
((0,224) (31,255) (0,0))
((64,32) (95,63) (0,0))
((64,160) (95,191) (0,0))
((64,96) (95,127) (0,0))
((64,224) (95,255) (0,0))
((32,0) (63,31) (0,0))
((32,128) (63,159) (0,0))
((32,64) (63,95) (0,0))
((32,192) (63,223) (0,0))
((96,0) (127,31) (0,0))
((96,128) (127,159) (0,0))
((96,64) (127,95) (0,0))
((96,192) (127,223) (0,0))
((32,32) (63,63) (0,0))
((32,160) (63,191) (0,0))
((32,96) (63,127) (0,0))
((32,224) (63,255) (0,0))
((96,32) (127,63) (0,0))
((96,160) (127,191) (0,0))
((96,96) (127,127) (0,0))
((96,224) (127,255) (0,0))
)0.00034202680788863749
0.00034202680788863749
0.00034227100633737149
0.00034227100633737149
1
Level_0/SD_4_New_MF
1
(1 (0,0)(2890625,2890625) 1)
(RealBox 0 740000000 0 1480000000 )((0,0) (255,511) (0,0))
(98 0
((0,32) (31,63) (0,0))
((96,32) (127,63) (0,0))
((0,352) (31,383) (0,0))
((0,224) (31,255) (0,0))
((0,96) (31,127) (0,0))
((96,352) (127,383) (0,0))
((96,224) (127,255) (0,0))
((96,96) (127,127) (0,0))
((0,416) (31,447) (0,0))
((0,288) (31,319) (0,0))
((0,160) (31,191) (0,0))
((96,416) (127,447) (0,0))
((96,288) (127,319) (0,0))
((96,160) (127,191) (0,0))
((32,32) (63,63) (0,0))
((160,32) (191,63) (0,0))
((32,352) (63,383) (0,0))
((32,224) (63,255) (0,0))
((32,96) (63,127) (0,0))
((160,352) (191,383) (0,0))
((160,224) (191,255) (0,0))
((160,96) (191,127) (0,0))
((32,416) (63,447) (0,0))
((32,288) (63,319) (0,0))
((32,160) (63,191) (0,0))
((160,416) (191,447) (0,0))
((160,288) (191,319) (0,0))
((160,160) (191,191) (0,0))
((0,64) (31,95) (0,0))
((96,64) (127,95) (0,0))
((0,384) (31,415) (0,0))
((0,256) (31,287) (0,0))
((0,128) (31,159) (0,0))
((96,384) (127,415) (0,0))
((96,256) (127,287) (0,0))
((96,128) (127,159) (0,0))
((0,448) (31,479) (0,0))
((0,320) (31,351) (0,0))
((0,192) (31,223) (0,0))
((96,448) (127,479) (0,0))
((96,320) (127,351) (0,0))
((96,192) (127,223) (0,0))
((32,64) (63,95) (0,0))
((160,64) (191,95) (0,0))
((32,384) (63,415) (0,0))
((32,256) (63,287) (0,0))
((32,128) (63,159) (0,0))
((160,384) (191,415) (0,0))
((160,256) (191,287) (0,0))
((160,128) (191,159) (0,0))
((32,448) (63,479) (0,0))
((32,320) (63,351) (0,0))
((32,192) (63,223) (0,0))
((160,448) (191,479) (0,0))
((160,320) (191,351) (0,0))
((160,192) (191,223) (0,0))
((128,32) (159,63) (0,0))
((128,352) (159,383) (0,0))
((128,224) (159,255) (0,0))
((128,96) (159,127) (0,0))
((128,416) (159,447) (0,0))
((128,288) (159,319) (0,0))
((128,160) (159,191) (0,0))
((64,32) (95,63) (0,0))
((192,32) (223,63) (0,0))
((64,352) (95,383) (0,0))
((64,224) (95,255) (0,0))
((64,96) (95,127) (0,0))
((192,352) (223,383) (0,0))
((192,224) (223,255) (0,0))
((192,96) (223,127) (0,0))
((64,416) (95,447) (0,0))
((64,288) (95,319) (0,0))
((64,160) (95,191) (0,0))
((192,416) (223,447) (0,0))
((192,288) (223,319) (0,0))
((192,160) (223,191) (0,0))
((128,64) (159,95) (0,0))
((128,384) (159,415) (0,0))
((128,256) (159,287) (0,0))
((128,128) (159,159) (0,0))
((128,448) (159,479) (0,0))
((128,320) (159,351) (0,0))
((128,192) (159,223) (0,0))
((64,64) (95,95) (0,0))
((192,64) (223,95) (0,0))
((64,384) (95,415) (0,0))
((64,256) (95,287) (0,0))
((64,128) (95,159) (0,0))
((192,384) (223,415) (0,0))
((192,256) (223,287) (0,0))
((192,128) (223,159) (0,0))
((64,448) (95,479) (0,0))
((64,320) (95,351) (0,0))
((64,192) (95,223) (0,0))
((192,448) (223,479) (0,0))
((192,320) (223,351) (0,0))
((192,192) (223,223) (0,0))
)5
((0,0) (255,511) (0,0))
(98 0
((0,32) (31,63) (0,0))
((96,32) (127,63) (0,0))
((0,352) (31,383) (0,0))
((0,224) (31,255) (0,0))
((0,96) (31,127) (0,0))
((96,352) (127,383) (0,0))
((96,224) (127,255) (0,0))
((96,96) (127,127) (0,0))
((0,416) (31,447) (0,0))
((0,288) (31,319) (0,0))
((0,160) (31,191) (0,0))
((96,416) (127,447) (0,0))
((96,288) (127,319) (0,0))
((96,160) (127,191) (0,0))
((32,32) (63,63) (0,0))
((160,32) (191,63) (0,0))
((32,352) (63,383) (0,0))
((32,224) (63,255) (0,0))
((32,96) (63,127) (0,0))
((160,352) (191,383) (0,0))
((160,224) (191,255) (0,0))
((160,96) (191,127) (0,0))
((32,416) (63,447) (0,0))
((32,288) (63,319) (0,0))
((32,160) (63,191) (0,0))
((160,416) (191,447) (0,0))
((160,288) (191,319) (0,0))
((160,160) (191,191) (0,0))
((0,64) (31,95) (0,0))
((96,64) (127,95) (0,0))
((0,384) (31,415) (0,0))
((0,256) (31,287) (0,0))
((0,128) (31,159) (0,0))
((96,384) (127,415) (0,0))
((96,256) (127,287) (0,0))
((96,128) (127,159) (0,0))
((0,448) (31,479) (0,0))
((0,320) (31,351) (0,0))
((0,192) (31,223) (0,0))
((96,448) (127,479) (0,0))
((96,320) (127,351) (0,0))
((96,192) (127,223) (0,0))
((32,64) (63,95) (0,0))
((160,64) (191,95) (0,0))
((32,384) (63,415) (0,0))
((32,256) (63,287) (0,0))
((32,128) (63,159) (0,0))
((160,384) (191,415) (0,0))
((160,256) (191,287) (0,0))
((160,128) (191,159) (0,0))
((32,448) (63,479) (0,0))
((32,320) (63,351) (0,0))
((32,192) (63,223) (0,0))
((160,448) (191,479) (0,0))
((160,320) (191,351) (0,0))
((160,192) (191,223) (0,0))
((128,32) (159,63) (0,0))
((128,352) (159,383) (0,0))
((128,224) (159,255) (0,0))
((128,96) (159,127) (0,0))
((128,416) (159,447) (0,0))
((128,288) (159,319) (0,0))
((128,160) (159,191) (0,0))
((64,32) (95,63) (0,0))
((192,32) (223,63) (0,0))
((64,352) (95,383) (0,0))
((64,224) (95,255) (0,0))
((64,96) (95,127) (0,0))
((192,352) (223,383) (0,0))
((192,224) (223,255) (0,0))
((192,96) (223,127) (0,0))
((64,416) (95,447) (0,0))
((64,288) (95,319) (0,0))
((64,160) (95,191) (0,0))
((192,416) (223,447) (0,0))
((192,288) (223,319) (0,0))
((192,160) (223,191) (0,0))
((128,64) (159,95) (0,0))
((128,384) (159,415) (0,0))
((128,256) (159,287) (0,0))
((128,128) (159,159) (0,0))
((128,448) (159,479) (0,0))
((128,320) (159,351) (0,0))
((128,192) (159,223) (0,0))
((64,64) (95,95) (0,0))
((192,64) (223,95) (0,0))
((64,384) (95,415) (0,0))
((64,256) (95,287) (0,0))
((64,128) (95,159) (0,0))
((192,384) (223,415) (0,0))
((192,256) (223,287) (0,0))
((192,128) (223,159) (0,0))
((64,448) (95,479) (0,0))
((64,320) (95,351) (0,0))
((64,192) (95,223) (0,0))
((192,448) (223,479) (0,0))
((192,320) (223,351) (0,0))
((192,192) (223,223) (0,0))
)0.00034214890711300447
0.00034214890711300447
0.00034227100633737149
0.00034227100633737149
1
Level_1/SD_0_New_MF
((0,0) (255,511) (0,0))
(98 0
((0,32) (31,63) (0,0))
((96,32) (127,63) (0,0))
((0,352) (31,383) (0,0))
((0,224) (31,255) (0,0))
((0,96) (31,127) (0,0))
((96,352) (127,383) (0,0))
((96,224) (127,255) (0,0))
((96,96) (127,127) (0,0))
((0,416) (31,447) (0,0))
((0,288) (31,319) (0,0))
((0,160) (31,191) (0,0))
((96,416) (127,447) (0,0))
((96,288) (127,319) (0,0))
((96,160) (127,191) (0,0))
((32,32) (63,63) (0,0))
((160,32) (191,63) (0,0))
((32,352) (63,383) (0,0))
((32,224) (63,255) (0,0))
((32,96) (63,127) (0,0))
((160,352) (191,383) (0,0))
((160,224) (191,255) (0,0))
((160,96) (191,127) (0,0))
((32,416) (63,447) (0,0))
((32,288) (63,319) (0,0))
((32,160) (63,191) (0,0))
((160,416) (191,447) (0,0))
((160,288) (191,319) (0,0))
((160,160) (191,191) (0,0))
((0,64) (31,95) (0,0))
((96,64) (127,95) (0,0))
((0,384) (31,415) (0,0))
((0,256) (31,287) (0,0))
((0,128) (31,159) (0,0))
((96,384) (127,415) (0,0))
((96,256) (127,287) (0,0))
((96,128) (127,159) (0,0))
((0,448) (31,479) (0,0))
((0,320) (31,351) (0,0))
((0,192) (31,223) (0,0))
((96,448) (127,479) (0,0))
((96,320) (127,351) (0,0))
((96,192) (127,223) (0,0))
((32,64) (63,95) (0,0))
((160,64) (191,95) (0,0))
((32,384) (63,415) (0,0))
((32,256) (63,287) (0,0))
((32,128) (63,159) (0,0))
((160,384) (191,415) (0,0))
((160,256) (191,287) (0,0))
((160,128) (191,159) (0,0))
((32,448) (63,479) (0,0))
((32,320) (63,351) (0,0))
((32,192) (63,223) (0,0))
((160,448) (191,479) (0,0))
((160,320) (191,351) (0,0))
((160,192) (191,223) (0,0))
((128,32) (159,63) (0,0))
((128,352) (159,383) (0,0))
((128,224) (159,255) (0,0))
((128,96) (159,127) (0,0))
((128,416) (159,447) (0,0))
((128,288) (159,319) (0,0))
((128,160) (159,191) (0,0))
((64,32) (95,63) (0,0))
((192,32) (223,63) (0,0))
((64,352) (95,383) (0,0))
((64,224) (95,255) (0,0))
((64,96) (95,127) (0,0))
((192,352) (223,383) (0,0))
((192,224) (223,255) (0,0))
((192,96) (223,127) (0,0))
((64,416) (95,447) (0,0))
((64,288) (95,319) (0,0))
((64,160) (95,191) (0,0))
((192,416) (223,447) (0,0))
((192,288) (223,319) (0,0))
((192,160) (223,191) (0,0))
((128,64) (159,95) (0,0))
((128,384) (159,415) (0,0))
((128,256) (159,287) (0,0))
((128,128) (159,159) (0,0))
((128,448) (159,479) (0,0))
((128,320) (159,351) (0,0))
((128,192) (159,223) (0,0))
((64,64) (95,95) (0,0))
((192,64) (223,95) (0,0))
((64,384) (95,415) (0,0))
((64,256) (95,287) (0,0))
((64,128) (95,159) (0,0))
((192,384) (223,415) (0,0))
((192,256) (223,287) (0,0))
((192,128) (223,159) (0,0))
((64,448) (95,479) (0,0))
((64,320) (95,351) (0,0))
((64,192) (95,223) (0,0))
((192,448) (223,479) (0,0))
((192,320) (223,351) (0,0))
((192,192) (223,223) (0,0))
)0.00034214890711300447
0.00034214890711300447
0.00034227100633737149
0.00034227100633737149
1
Level_1/SD_1_New_MF
((0,0) (255,511) (0,0))
(98 0
((0,32) (31,63) (0,0))
((96,32) (127,63) (0,0))
((0,352) (31,383) (0,0))
((0,224) (31,255) (0,0))
((0,96) (31,127) (0,0))
((96,352) (127,383) (0,0))
((96,224) (127,255) (0,0))
((96,96) (127,127) (0,0))
((0,416) (31,447) (0,0))
((0,288) (31,319) (0,0))
((0,160) (31,191) (0,0))
((96,416) (127,447) (0,0))
((96,288) (127,319) (0,0))
((96,160) (127,191) (0,0))
((32,32) (63,63) (0,0))
((160,32) (191,63) (0,0))
((32,352) (63,383) (0,0))
((32,224) (63,255) (0,0))
((32,96) (63,127) (0,0))
((160,352) (191,383) (0,0))
((160,224) (191,255) (0,0))
((160,96) (191,127) (0,0))
((32,416) (63,447) (0,0))
((32,288) (63,319) (0,0))
((32,160) (63,191) (0,0))
((160,416) (191,447) (0,0))
((160,288) (191,319) (0,0))
((160,160) (191,191) (0,0))
((0,64) (31,95) (0,0))
((96,64) (127,95) (0,0))
((0,384) (31,415) (0,0))
((0,256) (31,287) (0,0))
((0,128) (31,159) (0,0))
((96,384) (127,415) (0,0))
((96,256) (127,287) (0,0))
((96,128) (127,159) (0,0))
((0,448) (31,479) (0,0))
((0,320) (31,351) (0,0))
((0,192) (31,223) (0,0))
((96,448) (127,479) (0,0))
((96,320) (127,351) (0,0))
((96,192) (127,223) (0,0))
((32,64) (63,95) (0,0))
((160,64) (191,95) (0,0))
((32,384) (63,415) (0,0))
((32,256) (63,287) (0,0))
((32,128) (63,159) (0,0))
((160,384) (191,415) (0,0))
((160,256) (191,287) (0,0))
((160,128) (191,159) (0,0))
((32,448) (63,479) (0,0))
((32,320) (63,351) (0,0))
((32,192) (63,223) (0,0))
((160,448) (191,479) (0,0))
((160,320) (191,351) (0,0))
((160,192) (191,223) (0,0))
((128,32) (159,63) (0,0))
((128,352) (159,383) (0,0))
((128,224) (159,255) (0,0))
((128,96) (159,127) (0,0))
((128,416) (159,447) (0,0))
((128,288) (159,319) (0,0))
((128,160) (159,191) (0,0))
((64,32) (95,63) (0,0))
((192,32) (223,63) (0,0))
((64,352) (95,383) (0,0))
((64,224) (95,255) (0,0))
((64,96) (95,127) (0,0))
((192,352) (223,383) (0,0))
((192,224) (223,255) (0,0))
((192,96) (223,127) (0,0))
((64,416) (95,447) (0,0))
((64,288) (95,319) (0,0))
((64,160) (95,191) (0,0))
((192,416) (223,447) (0,0))
((192,288) (223,319) (0,0))
((192,160) (223,191) (0,0))
((128,64) (159,95) (0,0))
((128,384) (159,415) (0,0))
((128,256) (159,287) (0,0))
((128,128) (159,159) (0,0))
((128,448) (159,479) (0,0))
((128,320) (159,351) (0,0))
((128,192) (159,223) (0,0))
((64,64) (95,95) (0,0))
((192,64) (223,95) (0,0))
((64,384) (95,415) (0,0))
((64,256) (95,287) (0,0))
((64,128) (95,159) (0,0))
((192,384) (223,415) (0,0))
((192,256) (223,287) (0,0))
((192,128) (223,159) (0,0))
((64,448) (95,479) (0,0))
((64,320) (95,351) (0,0))
((64,192) (95,223) (0,0))
((192,448) (223,479) (0,0))
((192,320) (223,351) (0,0))
((192,192) (223,223) (0,0))
)0.00034214890711300447
0.00034214890711300447
0.00034227100633737149
0.00034227100633737149
0
((0,0) (255,511) (0,0))
(98 0
((0,32) (31,63) (0,0))
((96,32) (127,63) (0,0))
((0,352) (31,383) (0,0))
((0,224) (31,255) (0,0))
((0,96) (31,127) (0,0))
((96,352) (127,383) (0,0))
((96,224) (127,255) (0,0))
((96,96) (127,127) (0,0))
((0,416) (31,447) (0,0))
((0,288) (31,319) (0,0))
((0,160) (31,191) (0,0))
((96,416) (127,447) (0,0))
((96,288) (127,319) (0,0))
((96,160) (127,191) (0,0))
((32,32) (63,63) (0,0))
((160,32) (191,63) (0,0))
((32,352) (63,383) (0,0))
((32,224) (63,255) (0,0))
((32,96) (63,127) (0,0))
((160,352) (191,383) (0,0))
((160,224) (191,255) (0,0))
((160,96) (191,127) (0,0))
((32,416) (63,447) (0,0))
((32,288) (63,319) (0,0))
((32,160) (63,191) (0,0))
((160,416) (191,447) (0,0))
((160,288) (191,319) (0,0))
((160,160) (191,191) (0,0))
((0,64) (31,95) (0,0))
((96,64) (127,95) (0,0))
((0,384) (31,415) (0,0))
((0,256) (31,287) (0,0))
((0,128) (31,159) (0,0))
((96,384) (127,415) (0,0))
((96,256) (127,287) (0,0))
((96,128) (127,159) (0,0))
((0,448) (31,479) (0,0))
((0,320) (31,351) (0,0))
((0,192) (31,223) (0,0))
((96,448) (127,479) (0,0))
((96,320) (127,351) (0,0))
((96,192) (127,223) (0,0))
((32,64) (63,95) (0,0))
((160,64) (191,95) (0,0))
((32,384) (63,415) (0,0))
((32,256) (63,287) (0,0))
((32,128) (63,159) (0,0))
((160,384) (191,415) (0,0))
((160,256) (191,287) (0,0))
((160,128) (191,159) (0,0))
((32,448) (63,479) (0,0))
((32,320) (63,351) (0,0))
((32,192) (63,223) (0,0))
((160,448) (191,479) (0,0))
((160,320) (191,351) (0,0))
((160,192) (191,223) (0,0))
((128,32) (159,63) (0,0))
((128,352) (159,383) (0,0))
((128,224) (159,255) (0,0))
((128,96) (159,127) (0,0))
((128,416) (159,447) (0,0))
((128,288) (159,319) (0,0))
((128,160) (159,191) (0,0))
((64,32) (95,63) (0,0))
((192,32) (223,63) (0,0))
((64,352) (95,383) (0,0))
((64,224) (95,255) (0,0))
((64,96) (95,127) (0,0))
((192,352) (223,383) (0,0))
((192,224) (223,255) (0,0))
((192,96) (223,127) (0,0))
((64,416) (95,447) (0,0))
((64,288) (95,319) (0,0))
((64,160) (95,191) (0,0))
((192,416) (223,447) (0,0))
((192,288) (223,319) (0,0))
((192,160) (223,191) (0,0))
((128,64) (159,95) (0,0))
((128,384) (159,415) (0,0))
((128,256) (159,287) (0,0))
((128,128) (159,159) (0,0))
((128,448) (159,479) (0,0))
((128,320) (159,351) (0,0))
((128,192) (159,223) (0,0))
((64,64) (95,95) (0,0))
((192,64) (223,95) (0,0))
((64,384) (95,415) (0,0))
((64,256) (95,287) (0,0))
((64,128) (95,159) (0,0))
((192,384) (223,415) (0,0))
((192,256) (223,287) (0,0))
((192,128) (223,159) (0,0))
((64,448) (95,479) (0,0))
((64,320) (95,351) (0,0))
((64,192) (95,223) (0,0))
((192,448) (223,479) (0,0))
((192,320) (223,351) (0,0))
((192,192) (223,223) (0,0))
)0.00034214890711300447
0.00034214890711300447
0.00034227100633737149
0.00034227100633737149
1
Level_1/SD_3_New_MF
((0,0) (255,511) (0,0))
(98 0
((0,32) (31,63) (0,0))
((96,32) (127,63) (0,0))
((0,352) (31,383) (0,0))
((0,224) (31,255) (0,0))
((0,96) (31,127) (0,0))
((96,352) (127,383) (0,0))
((96,224) (127,255) (0,0))
((96,96) (127,127) (0,0))
((0,416) (31,447) (0,0))
((0,288) (31,319) (0,0))
((0,160) (31,191) (0,0))
((96,416) (127,447) (0,0))
((96,288) (127,319) (0,0))
((96,160) (127,191) (0,0))
((32,32) (63,63) (0,0))
((160,32) (191,63) (0,0))
((32,352) (63,383) (0,0))
((32,224) (63,255) (0,0))
((32,96) (63,127) (0,0))
((160,352) (191,383) (0,0))
((160,224) (191,255) (0,0))
((160,96) (191,127) (0,0))
((32,416) (63,447) (0,0))
((32,288) (63,319) (0,0))
((32,160) (63,191) (0,0))
((160,416) (191,447) (0,0))
((160,288) (191,319) (0,0))
((160,160) (191,191) (0,0))
((0,64) (31,95) (0,0))
((96,64) (127,95) (0,0))
((0,384) (31,415) (0,0))
((0,256) (31,287) (0,0))
((0,128) (31,159) (0,0))
((96,384) (127,415) (0,0))
((96,256) (127,287) (0,0))
((96,128) (127,159) (0,0))
((0,448) (31,479) (0,0))
((0,320) (31,351) (0,0))
((0,192) (31,223) (0,0))
((96,448) (127,479) (0,0))
((96,320) (127,351) (0,0))
((96,192) (127,223) (0,0))
((32,64) (63,95) (0,0))
((160,64) (191,95) (0,0))
((32,384) (63,415) (0,0))
((32,256) (63,287) (0,0))
((32,128) (63,159) (0,0))
((160,384) (191,415) (0,0))
((160,256) (191,287) (0,0))
((160,128) (191,159) (0,0))
((32,448) (63,479) (0,0))
((32,320) (63,351) (0,0))
((32,192) (63,223) (0,0))
((160,448) (191,479) (0,0))
((160,320) (191,351) (0,0))
((160,192) (191,223) (0,0))
((128,32) (159,63) (0,0))
((128,352) (159,383) (0,0))
((128,224) (159,255) (0,0))
((128,96) (159,127) (0,0))
((128,416) (159,447) (0,0))
((128,288) (159,319) (0,0))
((128,160) (159,191) (0,0))
((64,32) (95,63) (0,0))
((192,32) (223,63) (0,0))
((64,352) (95,383) (0,0))
((64,224) (95,255) (0,0))
((64,96) (95,127) (0,0))
((192,352) (223,383) (0,0))
((192,224) (223,255) (0,0))
((192,96) (223,127) (0,0))
((64,416) (95,447) (0,0))
((64,288) (95,319) (0,0))
((64,160) (95,191) (0,0))
((192,416) (223,447) (0,0))
((192,288) (223,319) (0,0))
((192,160) (223,191) (0,0))
((128,64) (159,95) (0,0))
((128,384) (159,415) (0,0))
((128,256) (159,287) (0,0))
((128,128) (159,159) (0,0))
((128,448) (159,479) (0,0))
((128,320) (159,351) (0,0))
((128,192) (159,223) (0,0))
((64,64) (95,95) (0,0))
((192,64) (223,95) (0,0))
((64,384) (95,415) (0,0))
((64,256) (95,287) (0,0))
((64,128) (95,159) (0,0))
((192,384) (223,415) (0,0))
((192,256) (223,287) (0,0))
((192,128) (223,159) (0,0))
((64,448) (95,479) (0,0))
((64,320) (95,351) (0,0))
((64,192) (95,223) (0,0))
((192,448) (223,479) (0,0))
((192,320) (223,351) (0,0))
((192,192) (223,223) (0,0))
)0.00034214890711300447
0.00034214890711300447
0.00034227100633737149
0.00034227100633737149
1
Level_1/SD_4_New_MF
2
(1 (0,0)(1445312.5,1445312.5) 1)
(RealBox 0 740000000 0 1480000000 )((0,0) (511,1023) (0,0))
(150 0
((0,128) (63,159) (0,0))
((256,128) (319,159) (0,0))
((128,128) (191,159) (0,0))
((0,800) (63,831) (0,0))
((0,672) (63,703) (0,0))
((0,544) (63,575) (0,0))
((0,416) (63,447) (0,0))
((0,320) (63,351) (0,0))
((0,224) (63,255) (0,0))
((256,800) (319,831) (0,0))
((256,672) (319,703) (0,0))
((256,544) (319,575) (0,0))
((256,416) (319,447) (0,0))
((256,320) (319,351) (0,0))
((256,224) (319,255) (0,0))
((128,800) (191,831) (0,0))
((128,672) (191,703) (0,0))
((128,544) (191,575) (0,0))
((128,416) (191,447) (0,0))
((128,320) (191,351) (0,0))
((128,224) (191,255) (0,0))
((0,160) (63,191) (0,0))
((256,160) (319,191) (0,0))
((128,160) (191,191) (0,0))
((0,864) (63,895) (0,0))
((0,736) (63,767) (0,0))
((0,608) (63,639) (0,0))
((0,480) (63,511) (0,0))
((0,352) (63,383) (0,0))
((0,256) (63,287) (0,0))
((256,864) (319,895) (0,0))
((256,736) (319,767) (0,0))
((256,608) (319,639) (0,0))
((256,480) (319,511) (0,0))
((256,352) (319,383) (0,0))
((256,256) (319,287) (0,0))
((128,864) (191,895) (0,0))
((128,736) (191,767) (0,0))
((128,608) (191,639) (0,0))
((128,480) (191,511) (0,0))
((128,352) (191,383) (0,0))
((128,256) (191,287) (0,0))
((64,128) (127,159) (0,0))
((320,128) (383,159) (0,0))
((192,128) (255,159) (0,0))
((64,800) (127,831) (0,0))
((64,672) (127,703) (0,0))
((64,544) (127,575) (0,0))
((64,416) (127,447) (0,0))
((64,320) (127,351) (0,0))
((64,224) (127,255) (0,0))
((320,800) (383,831) (0,0))
((320,672) (383,703) (0,0))
((320,544) (383,575) (0,0))
((320,416) (383,447) (0,0))
((320,320) (383,351) (0,0))
((320,224) (383,255) (0,0))
((192,800) (255,831) (0,0))
((192,672) (255,703) (0,0))
((192,544) (255,575) (0,0))
((192,416) (255,447) (0,0))
((192,320) (255,351) (0,0))
((192,224) (255,255) (0,0))
((64,160) (127,191) (0,0))
((320,160) (383,191) (0,0))
((192,160) (255,191) (0,0))
((64,864) (127,895) (0,0))
((64,736) (127,767) (0,0))
((64,608) (127,639) (0,0))
((64,480) (127,511) (0,0))
((64,352) (127,383) (0,0))
((64,256) (127,287) (0,0))
((320,864) (383,895) (0,0))
((320,736) (383,767) (0,0))
((320,608) (383,639) (0,0))
((320,480) (383,511) (0,0))
((320,352) (383,383) (0,0))
((320,256) (383,287) (0,0))
((192,864) (255,895) (0,0))
((192,736) (255,767) (0,0))
((192,608) (255,639) (0,0))
((192,480) (255,511) (0,0))
((192,352) (255,383) (0,0))
((192,256) (255,287) (0,0))
((0,832) (63,863) (0,0))
((0,704) (63,735) (0,0))
((0,576) (63,607) (0,0))
((0,448) (63,479) (0,0))
((256,832) (319,863) (0,0))
((256,704) (319,735) (0,0))
((256,576) (319,607) (0,0))
((256,448) (319,479) (0,0))
((128,832) (191,863) (0,0))
((128,704) (191,735) (0,0))
((128,576) (191,607) (0,0))
((128,448) (191,479) (0,0))
((0,192) (63,223) (0,0))
((256,192) (319,223) (0,0))
((128,192) (191,223) (0,0))
((0,896) (63,927) (0,0))
((0,768) (63,799) (0,0))
((0,640) (63,671) (0,0))
((0,512) (63,543) (0,0))
((0,384) (63,415) (0,0))
((0,288) (63,319) (0,0))
((256,896) (319,927) (0,0))
((256,768) (319,799) (0,0))
((256,640) (319,671) (0,0))
((256,512) (319,543) (0,0))
((256,384) (319,415) (0,0))
((256,288) (319,319) (0,0))
((128,896) (191,927) (0,0))
((128,768) (191,799) (0,0))
((128,640) (191,671) (0,0))
((128,512) (191,543) (0,0))
((128,384) (191,415) (0,0))
((128,288) (191,319) (0,0))
((64,832) (127,863) (0,0))
((64,704) (127,735) (0,0))
((64,576) (127,607) (0,0))
((64,448) (127,479) (0,0))
((320,832) (383,863) (0,0))
((320,704) (383,735) (0,0))
((320,576) (383,607) (0,0))
((320,448) (383,479) (0,0))
((192,832) (255,863) (0,0))
((192,704) (255,735) (0,0))
((192,576) (255,607) (0,0))
((192,448) (255,479) (0,0))
((64,192) (127,223) (0,0))
((320,192) (383,223) (0,0))
((192,192) (255,223) (0,0))
((64,896) (127,927) (0,0))
((64,768) (127,799) (0,0))
((64,640) (127,671) (0,0))
((64,512) (127,543) (0,0))
((64,384) (127,415) (0,0))
((64,288) (127,319) (0,0))
((320,896) (383,927) (0,0))
((320,768) (383,799) (0,0))
((320,640) (383,671) (0,0))
((320,512) (383,543) (0,0))
((320,384) (383,415) (0,0))
((320,288) (383,319) (0,0))
((192,896) (255,927) (0,0))
((192,768) (255,799) (0,0))
((192,640) (255,671) (0,0))
((192,512) (255,543) (0,0))
((192,384) (255,415) (0,0))
((192,288) (255,319) (0,0))
)5
((0,0) (511,1023) (0,0))
(150 0
((0,128) (63,159) (0,0))
((256,128) (319,159) (0,0))
((128,128) (191,159) (0,0))
((0,800) (63,831) (0,0))
((0,672) (63,703) (0,0))
((0,544) (63,575) (0,0))
((0,416) (63,447) (0,0))
((0,320) (63,351) (0,0))
((0,224) (63,255) (0,0))
((256,800) (319,831) (0,0))
((256,672) (319,703) (0,0))
((256,544) (319,575) (0,0))
((256,416) (319,447) (0,0))
((256,320) (319,351) (0,0))
((256,224) (319,255) (0,0))
((128,800) (191,831) (0,0))
((128,672) (191,703) (0,0))
((128,544) (191,575) (0,0))
((128,416) (191,447) (0,0))
((128,320) (191,351) (0,0))
((128,224) (191,255) (0,0))
((0,160) (63,191) (0,0))
((256,160) (319,191) (0,0))
((128,160) (191,191) (0,0))
((0,864) (63,895) (0,0))
((0,736) (63,767) (0,0))
((0,608) (63,639) (0,0))
((0,480) (63,511) (0,0))
((0,352) (63,383) (0,0))
((0,256) (63,287) (0,0))
((256,864) (319,895) (0,0))
((256,736) (319,767) (0,0))
((256,608) (319,639) (0,0))
((256,480) (319,511) (0,0))
((256,352) (319,383) (0,0))
((256,256) (319,287) (0,0))
((128,864) (191,895) (0,0))
((128,736) (191,767) (0,0))
((128,608) (191,639) (0,0))
((128,480) (191,511) (0,0))
((128,352) (191,383) (0,0))
((128,256) (191,287) (0,0))
((64,128) (127,159) (0,0))
((320,128) (383,159) (0,0))
((192,128) (255,159) (0,0))
((64,800) (127,831) (0,0))
((64,672) (127,703) (0,0))
((64,544) (127,575) (0,0))
((64,416) (127,447) (0,0))
((64,320) (127,351) (0,0))
((64,224) (127,255) (0,0))
((320,800) (383,831) (0,0))
((320,672) (383,703) (0,0))
((320,544) (383,575) (0,0))
((320,416) (383,447) (0,0))
((320,320) (383,351) (0,0))
((320,224) (383,255) (0,0))
((192,800) (255,831) (0,0))
((192,672) (255,703) (0,0))
((192,544) (255,575) (0,0))
((192,416) (255,447) (0,0))
((192,320) (255,351) (0,0))
((192,224) (255,255) (0,0))
((64,160) (127,191) (0,0))
((320,160) (383,191) (0,0))
((192,160) (255,191) (0,0))
((64,864) (127,895) (0,0))
((64,736) (127,767) (0,0))
((64,608) (127,639) (0,0))
((64,480) (127,511) (0,0))
((64,352) (127,383) (0,0))
((64,256) (127,287) (0,0))
((320,864) (383,895) (0,0))
((320,736) (383,767) (0,0))
((320,608) (383,639) (0,0))
((320,480) (383,511) (0,0))
((320,352) (383,383) (0,0))
((320,256) (383,287) (0,0))
((192,864) (255,895) (0,0))
((192,736) (255,767) (0,0))
((192,608) (255,639) (0,0))
((192,480) (255,511) (0,0))
((192,352) (255,383) (0,0))
((192,256) (255,287) (0,0))
((0,832) (63,863) (0,0))
((0,704) (63,735) (0,0))
((0,576) (63,607) (0,0))
((0,448) (63,479) (0,0))
((256,832) (319,863) (0,0))
((256,704) (319,735) (0,0))
((256,576) (319,607) (0,0))
((256,448) (319,479) (0,0))
((128,832) (191,863) (0,0))
((128,704) (191,735) (0,0))
((128,576) (191,607) (0,0))
((128,448) (191,479) (0,0))
((0,192) (63,223) (0,0))
((256,192) (319,223) (0,0))
((128,192) (191,223) (0,0))
((0,896) (63,927) (0,0))
((0,768) (63,799) (0,0))
((0,640) (63,671) (0,0))
((0,512) (63,543) (0,0))
((0,384) (63,415) (0,0))
((0,288) (63,319) (0,0))
((256,896) (319,927) (0,0))
((256,768) (319,799) (0,0))
((256,640) (319,671) (0,0))
((256,512) (319,543) (0,0))
((256,384) (319,415) (0,0))
((256,288) (319,319) (0,0))
((128,896) (191,927) (0,0))
((128,768) (191,799) (0,0))
((128,640) (191,671) (0,0))
((128,512) (191,543) (0,0))
((128,384) (191,415) (0,0))
((128,288) (191,319) (0,0))
((64,832) (127,863) (0,0))
((64,704) (127,735) (0,0))
((64,576) (127,607) (0,0))
((64,448) (127,479) (0,0))
((320,832) (383,863) (0,0))
((320,704) (383,735) (0,0))
((320,576) (383,607) (0,0))
((320,448) (383,479) (0,0))
((192,832) (255,863) (0,0))
((192,704) (255,735) (0,0))
((192,576) (255,607) (0,0))
((192,448) (255,479) (0,0))
((64,192) (127,223) (0,0))
((320,192) (383,223) (0,0))
((192,192) (255,223) (0,0))
((64,896) (127,927) (0,0))
((64,768) (127,799) (0,0))
((64,640) (127,671) (0,0))
((64,512) (127,543) (0,0))
((64,384) (127,415) (0,0))
((64,288) (127,319) (0,0))
((320,896) (383,927) (0,0))
((320,768) (383,799) (0,0))
((320,640) (383,671) (0,0))
((320,512) (383,543) (0,0))
((320,384) (383,415) (0,0))
((320,288) (383,319) (0,0))
((192,896) (255,927) (0,0))
((192,768) (255,799) (0,0))
((192,640) (255,671) (0,0))
((192,512) (255,543) (0,0))
((192,384) (255,415) (0,0))
((192,288) (255,319) (0,0))
)0.00034220995672518795
0.00034220995672518795
0.00034227100633737149
0.00034227100633737149
1
Level_2/SD_0_New_MF
((0,0) (511,1023) (0,0))
(150 0
((0,128) (63,159) (0,0))
((256,128) (319,159) (0,0))
((128,128) (191,159) (0,0))
((0,800) (63,831) (0,0))
((0,672) (63,703) (0,0))
((0,544) (63,575) (0,0))
((0,416) (63,447) (0,0))
((0,320) (63,351) (0,0))
((0,224) (63,255) (0,0))
((256,800) (319,831) (0,0))
((256,672) (319,703) (0,0))
((256,544) (319,575) (0,0))
((256,416) (319,447) (0,0))
((256,320) (319,351) (0,0))
((256,224) (319,255) (0,0))
((128,800) (191,831) (0,0))
((128,672) (191,703) (0,0))
((128,544) (191,575) (0,0))
((128,416) (191,447) (0,0))
((128,320) (191,351) (0,0))
((128,224) (191,255) (0,0))
((0,160) (63,191) (0,0))
((256,160) (319,191) (0,0))
((128,160) (191,191) (0,0))
((0,864) (63,895) (0,0))
((0,736) (63,767) (0,0))
((0,608) (63,639) (0,0))
((0,480) (63,511) (0,0))
((0,352) (63,383) (0,0))
((0,256) (63,287) (0,0))
((256,864) (319,895) (0,0))
((256,736) (319,767) (0,0))
((256,608) (319,639) (0,0))
((256,480) (319,511) (0,0))
((256,352) (319,383) (0,0))
((256,256) (319,287) (0,0))
((128,864) (191,895) (0,0))
((128,736) (191,767) (0,0))
((128,608) (191,639) (0,0))
((128,480) (191,511) (0,0))
((128,352) (191,383) (0,0))
((128,256) (191,287) (0,0))
((64,128) (127,159) (0,0))
((320,128) (383,159) (0,0))
((192,128) (255,159) (0,0))
((64,800) (127,831) (0,0))
((64,672) (127,703) (0,0))
((64,544) (127,575) (0,0))
((64,416) (127,447) (0,0))
((64,320) (127,351) (0,0))
((64,224) (127,255) (0,0))
((320,800) (383,831) (0,0))
((320,672) (383,703) (0,0))
((320,544) (383,575) (0,0))
((320,416) (383,447) (0,0))
((320,320) (383,351) (0,0))
((320,224) (383,255) (0,0))
((192,800) (255,831) (0,0))
((192,672) (255,703) (0,0))
((192,544) (255,575) (0,0))
((192,416) (255,447) (0,0))
((192,320) (255,351) (0,0))
((192,224) (255,255) (0,0))
((64,160) (127,191) (0,0))
((320,160) (383,191) (0,0))
((192,160) (255,191) (0,0))
((64,864) (127,895) (0,0))
((64,736) (127,767) (0,0))
((64,608) (127,639) (0,0))
((64,480) (127,511) (0,0))
((64,352) (127,383) (0,0))
((64,256) (127,287) (0,0))
((320,864) (383,895) (0,0))
((320,736) (383,767) (0,0))
((320,608) (383,639) (0,0))
((320,480) (383,511) (0,0))
((320,352) (383,383) (0,0))
((320,256) (383,287) (0,0))
((192,864) (255,895) (0,0))
((192,736) (255,767) (0,0))
((192,608) (255,639) (0,0))
((192,480) (255,511) (0,0))
((192,352) (255,383) (0,0))
((192,256) (255,287) (0,0))
((0,832) (63,863) (0,0))
((0,704) (63,735) (0,0))
((0,576) (63,607) (0,0))
((0,448) (63,479) (0,0))
((256,832) (319,863) (0,0))
((256,704) (319,735) (0,0))
((256,576) (319,607) (0,0))
((256,448) (319,479) (0,0))
((128,832) (191,863) (0,0))
((128,704) (191,735) (0,0))
((128,576) (191,607) (0,0))
((128,448) (191,479) (0,0))
((0,192) (63,223) (0,0))
((256,192) (319,223) (0,0))
((128,192) (191,223) (0,0))
((0,896) (63,927) (0,0))
((0,768) (63,799) (0,0))
((0,640) (63,671) (0,0))
((0,512) (63,543) (0,0))
((0,384) (63,415) (0,0))
((0,288) (63,319) (0,0))
((256,896) (319,927) (0,0))
((256,768) (319,799) (0,0))
((256,640) (319,671) (0,0))
((256,512) (319,543) (0,0))
((256,384) (319,415) (0,0))
((256,288) (319,319) (0,0))
((128,896) (191,927) (0,0))
((128,768) (191,799) (0,0))
((128,640) (191,671) (0,0))
((128,512) (191,543) (0,0))
((128,384) (191,415) (0,0))
((128,288) (191,319) (0,0))
((64,832) (127,863) (0,0))
((64,704) (127,735) (0,0))
((64,576) (127,607) (0,0))
((64,448) (127,479) (0,0))
((320,832) (383,863) (0,0))
((320,704) (383,735) (0,0))
((320,576) (383,607) (0,0))
((320,448) (383,479) (0,0))
((192,832) (255,863) (0,0))
((192,704) (255,735) (0,0))
((192,576) (255,607) (0,0))
((192,448) (255,479) (0,0))
((64,192) (127,223) (0,0))
((320,192) (383,223) (0,0))
((192,192) (255,223) (0,0))
((64,896) (127,927) (0,0))
((64,768) (127,799) (0,0))
((64,640) (127,671) (0,0))
((64,512) (127,543) (0,0))
((64,384) (127,415) (0,0))
((64,288) (127,319) (0,0))
((320,896) (383,927) (0,0))
((320,768) (383,799) (0,0))
((320,640) (383,671) (0,0))
((320,512) (383,543) (0,0))
((320,384) (383,415) (0,0))
((320,288) (383,319) (0,0))
((192,896) (255,927) (0,0))
((192,768) (255,799) (0,0))
((192,640) (255,671) (0,0))
((192,512) (255,543) (0,0))
((192,384) (255,415) (0,0))
((192,288) (255,319) (0,0))
)0.00034220995672518795
0.00034220995672518795
0.00034227100633737149
0.00034227100633737149
1
Level_2/SD_1_New_MF
((0,0) (511,1023) (0,0))
(150 0
((0,128) (63,159) (0,0))
((256,128) (319,159) (0,0))
((128,128) (191,159) (0,0))
((0,800) (63,831) (0,0))
((0,672) (63,703) (0,0))
((0,544) (63,575) (0,0))
((0,416) (63,447) (0,0))
((0,320) (63,351) (0,0))
((0,224) (63,255) (0,0))
((256,800) (319,831) (0,0))
((256,672) (319,703) (0,0))
((256,544) (319,575) (0,0))
((256,416) (319,447) (0,0))
((256,320) (319,351) (0,0))
((256,224) (319,255) (0,0))
((128,800) (191,831) (0,0))
((128,672) (191,703) (0,0))
((128,544) (191,575) (0,0))
((128,416) (191,447) (0,0))
((128,320) (191,351) (0,0))
((128,224) (191,255) (0,0))
((0,160) (63,191) (0,0))
((256,160) (319,191) (0,0))
((128,160) (191,191) (0,0))
((0,864) (63,895) (0,0))
((0,736) (63,767) (0,0))
((0,608) (63,639) (0,0))
((0,480) (63,511) (0,0))
((0,352) (63,383) (0,0))
((0,256) (63,287) (0,0))
((256,864) (319,895) (0,0))
((256,736) (319,767) (0,0))
((256,608) (319,639) (0,0))
((256,480) (319,511) (0,0))
((256,352) (319,383) (0,0))
((256,256) (319,287) (0,0))
((128,864) (191,895) (0,0))
((128,736) (191,767) (0,0))
((128,608) (191,639) (0,0))
((128,480) (191,511) (0,0))
((128,352) (191,383) (0,0))
((128,256) (191,287) (0,0))
((64,128) (127,159) (0,0))
((320,128) (383,159) (0,0))
((192,128) (255,159) (0,0))
((64,800) (127,831) (0,0))
((64,672) (127,703) (0,0))
((64,544) (127,575) (0,0))
((64,416) (127,447) (0,0))
((64,320) (127,351) (0,0))
((64,224) (127,255) (0,0))
((320,800) (383,831) (0,0))
((320,672) (383,703) (0,0))
((320,544) (383,575) (0,0))
((320,416) (383,447) (0,0))
((320,320) (383,351) (0,0))
((320,224) (383,255) (0,0))
((192,800) (255,831) (0,0))
((192,672) (255,703) (0,0))
((192,544) (255,575) (0,0))
((192,416) (255,447) (0,0))
((192,320) (255,351) (0,0))
((192,224) (255,255) (0,0))
((64,160) (127,191) (0,0))
((320,160) (383,191) (0,0))
((192,160) (255,191) (0,0))
((64,864) (127,895) (0,0))
((64,736) (127,767) (0,0))
((64,608) (127,639) (0,0))
((64,480) (127,511) (0,0))
((64,352) (127,383) (0,0))
((64,256) (127,287) (0,0))
((320,864) (383,895) (0,0))
((320,736) (383,767) (0,0))
((320,608) (383,639) (0,0))
((320,480) (383,511) (0,0))
((320,352) (383,383) (0,0))
((320,256) (383,287) (0,0))
((192,864) (255,895) (0,0))
((192,736) (255,767) (0,0))
((192,608) (255,639) (0,0))
((192,480) (255,511) (0,0))
((192,352) (255,383) (0,0))
((192,256) (255,287) (0,0))
((0,832) (63,863) (0,0))
((0,704) (63,735) (0,0))
((0,576) (63,607) (0,0))
((0,448) (63,479) (0,0))
((256,832) (319,863) (0,0))
((256,704) (319,735) (0,0))
((256,576) (319,607) (0,0))
((256,448) (319,479) (0,0))
((128,832) (191,863) (0,0))
((128,704) (191,735) (0,0))
((128,576) (191,607) (0,0))
((128,448) (191,479) (0,0))
((0,192) (63,223) (0,0))
((256,192) (319,223) (0,0))
((128,192) (191,223) (0,0))
((0,896) (63,927) (0,0))
((0,768) (63,799) (0,0))
((0,640) (63,671) (0,0))
((0,512) (63,543) (0,0))
((0,384) (63,415) (0,0))
((0,288) (63,319) (0,0))
((256,896) (319,927) (0,0))
((256,768) (319,799) (0,0))
((256,640) (319,671) (0,0))
((256,512) (319,543) (0,0))
((256,384) (319,415) (0,0))
((256,288) (319,319) (0,0))
((128,896) (191,927) (0,0))
((128,768) (191,799) (0,0))
((128,640) (191,671) (0,0))
((128,512) (191,543) (0,0))
((128,384) (191,415) (0,0))
((128,288) (191,319) (0,0))
((64,832) (127,863) (0,0))
((64,704) (127,735) (0,0))
((64,576) (127,607) (0,0))
((64,448) (127,479) (0,0))
((320,832) (383,863) (0,0))
((320,704) (383,735) (0,0))
((320,576) (383,607) (0,0))
((320,448) (383,479) (0,0))
((192,832) (255,863) (0,0))
((192,704) (255,735) (0,0))
((192,576) (255,607) (0,0))
((192,448) (255,479) (0,0))
((64,192) (127,223) (0,0))
((320,192) (383,223) (0,0))
((192,192) (255,223) (0,0))
((64,896) (127,927) (0,0))
((64,768) (127,799) (0,0))
((64,640) (127,671) (0,0))
((64,512) (127,543) (0,0))
((64,384) (127,415) (0,0))
((64,288) (127,319) (0,0))
((320,896) (383,927) (0,0))
((320,768) (383,799) (0,0))
((320,640) (383,671) (0,0))
((320,512) (383,543) (0,0))
((320,384) (383,415) (0,0))
((320,288) (383,319) (0,0))
((192,896) (255,927) (0,0))
((192,768) (255,799) (0,0))
((192,640) (255,671) (0,0))
((192,512) (255,543) (0,0))
((192,384) (255,415) (0,0))
((192,288) (255,319) (0,0))
)0.00034220995672518795
0.00034220995672518795
0.00034227100633737149
0.00034227100633737149
0
((0,0) (511,1023) (0,0))
(150 0
((0,128) (63,159) (0,0))
((256,128) (319,159) (0,0))
((128,128) (191,159) (0,0))
((0,800) (63,831) (0,0))
((0,672) (63,703) (0,0))
((0,544) (63,575) (0,0))
((0,416) (63,447) (0,0))
((0,320) (63,351) (0,0))
((0,224) (63,255) (0,0))
((256,800) (319,831) (0,0))
((256,672) (319,703) (0,0))
((256,544) (319,575) (0,0))
((256,416) (319,447) (0,0))
((256,320) (319,351) (0,0))
((256,224) (319,255) (0,0))
((128,800) (191,831) (0,0))
((128,672) (191,703) (0,0))
((128,544) (191,575) (0,0))
((128,416) (191,447) (0,0))
((128,320) (191,351) (0,0))
((128,224) (191,255) (0,0))
((0,160) (63,191) (0,0))
((256,160) (319,191) (0,0))
((128,160) (191,191) (0,0))
((0,864) (63,895) (0,0))
((0,736) (63,767) (0,0))
((0,608) (63,639) (0,0))
((0,480) (63,511) (0,0))
((0,352) (63,383) (0,0))
((0,256) (63,287) (0,0))
((256,864) (319,895) (0,0))
((256,736) (319,767) (0,0))
((256,608) (319,639) (0,0))
((256,480) (319,511) (0,0))
((256,352) (319,383) (0,0))
((256,256) (319,287) (0,0))
((128,864) (191,895) (0,0))
((128,736) (191,767) (0,0))
((128,608) (191,639) (0,0))
((128,480) (191,511) (0,0))
((128,352) (191,383) (0,0))
((128,256) (191,287) (0,0))
((64,128) (127,159) (0,0))
((320,128) (383,159) (0,0))
((192,128) (255,159) (0,0))
((64,800) (127,831) (0,0))
((64,672) (127,703) (0,0))
((64,544) (127,575) (0,0))
((64,416) (127,447) (0,0))
((64,320) (127,351) (0,0))
((64,224) (127,255) (0,0))
((320,800) (383,831) (0,0))
((320,672) (383,703) (0,0))
((320,544) (383,575) (0,0))
((320,416) (383,447) (0,0))
((320,320) (383,351) (0,0))
((320,224) (383,255) (0,0))
((192,800) (255,831) (0,0))
((192,672) (255,703) (0,0))
((192,544) (255,575) (0,0))
((192,416) (255,447) (0,0))
((192,320) (255,351) (0,0))
((192,224) (255,255) (0,0))
((64,160) (127,191) (0,0))
((320,160) (383,191) (0,0))
((192,160) (255,191) (0,0))
((64,864) (127,895) (0,0))
((64,736) (127,767) (0,0))
((64,608) (127,639) (0,0))
((64,480) (127,511) (0,0))
((64,352) (127,383) (0,0))
((64,256) (127,287) (0,0))
((320,864) (383,895) (0,0))
((320,736) (383,767) (0,0))
((320,608) (383,639) (0,0))
((320,480) (383,511) (0,0))
((320,352) (383,383) (0,0))
((320,256) (383,287) (0,0))
((192,864) (255,895) (0,0))
((192,736) (255,767) (0,0))
((192,608) (255,639) (0,0))
((192,480) (255,511) (0,0))
((192,352) (255,383) (0,0))
((192,256) (255,287) (0,0))
((0,832) (63,863) (0,0))
((0,704) (63,735) (0,0))
((0,576) (63,607) (0,0))
((0,448) (63,479) (0,0))
((256,832) (319,863) (0,0))
((256,704) (319,735) (0,0))
((256,576) (319,607) (0,0))
((256,448) (319,479) (0,0))
((128,832) (191,863) (0,0))
((128,704) (191,735) (0,0))
((128,576) (191,607) (0,0))
((128,448) (191,479) (0,0))
((0,192) (63,223) (0,0))
((256,192) (319,223) (0,0))
((128,192) (191,223) (0,0))
((0,896) (63,927) (0,0))
((0,768) (63,799) (0,0))
((0,640) (63,671) (0,0))
((0,512) (63,543) (0,0))
((0,384) (63,415) (0,0))
((0,288) (63,319) (0,0))
((256,896) (319,927) (0,0))
((256,768) (319,799) (0,0))
((256,640) (319,671) (0,0))
((256,512) (319,543) (0,0))
((256,384) (319,415) (0,0))
((256,288) (319,319) (0,0))
((128,896) (191,927) (0,0))
((128,768) (191,799) (0,0))
((128,640) (191,671) (0,0))
((128,512) (191,543) (0,0))
((128,384) (191,415) (0,0))
((128,288) (191,319) (0,0))
((64,832) (127,863) (0,0))
((64,704) (127,735) (0,0))
((64,576) (127,607) (0,0))
((64,448) (127,479) (0,0))
((320,832) (383,863) (0,0))
((320,704) (383,735) (0,0))
((320,576) (383,607) (0,0))
((320,448) (383,479) (0,0))
((192,832) (255,863) (0,0))
((192,704) (255,735) (0,0))
((192,576) (255,607) (0,0))
((192,448) (255,479) (0,0))
((64,192) (127,223) (0,0))
((320,192) (383,223) (0,0))
((192,192) (255,223) (0,0))
((64,896) (127,927) (0,0))
((64,768) (127,799) (0,0))
((64,640) (127,671) (0,0))
((64,512) (127,543) (0,0))
((64,384) (127,415) (0,0))
((64,288) (127,319) (0,0))
((320,896) (383,927) (0,0))
((320,768) (383,799) (0,0))
((320,640) (383,671) (0,0))
((320,512) (383,543) (0,0))
((320,384) (383,415) (0,0))
((320,288) (383,319) (0,0))
((192,896) (255,927) (0,0))
((192,768) (255,799) (0,0))
((192,640) (255,671) (0,0))
((192,512) (255,543) (0,0))
((192,384) (255,415) (0,0))
((192,288) (255,319) (0,0))
)0.00034220995672518795
0.00034220995672518795
0.00034227100633737149
0.00034227100633737149
1
Level_2/SD_3_New_MF
((0,0) (511,1023) (0,0))
(150 0
((0,128) (63,159) (0,0))
((256,128) (319,159) (0,0))
((128,128) (191,159) (0,0))
((0,800) (63,831) (0,0))
((0,672) (63,703) (0,0))
((0,544) (63,575) (0,0))
((0,416) (63,447) (0,0))
((0,320) (63,351) (0,0))
((0,224) (63,255) (0,0))
((256,800) (319,831) (0,0))
((256,672) (319,703) (0,0))
((256,544) (319,575) (0,0))
((256,416) (319,447) (0,0))
((256,320) (319,351) (0,0))
((256,224) (319,255) (0,0))
((128,800) (191,831) (0,0))
((128,672) (191,703) (0,0))
((128,544) (191,575) (0,0))
((128,416) (191,447) (0,0))
((128,320) (191,351) (0,0))
((128,224) (191,255) (0,0))
((0,160) (63,191) (0,0))
((256,160) (319,191) (0,0))
((128,160) (191,191) (0,0))
((0,864) (63,895) (0,0))
((0,736) (63,767) (0,0))
((0,608) (63,639) (0,0))
((0,480) (63,511) (0,0))
((0,352) (63,383) (0,0))
((0,256) (63,287) (0,0))
((256,864) (319,895) (0,0))
((256,736) (319,767) (0,0))
((256,608) (319,639) (0,0))
((256,480) (319,511) (0,0))
((256,352) (319,383) (0,0))
((256,256) (319,287) (0,0))
((128,864) (191,895) (0,0))
((128,736) (191,767) (0,0))
((128,608) (191,639) (0,0))
((128,480) (191,511) (0,0))
((128,352) (191,383) (0,0))
((128,256) (191,287) (0,0))
((64,128) (127,159) (0,0))
((320,128) (383,159) (0,0))
((192,128) (255,159) (0,0))
((64,800) (127,831) (0,0))
((64,672) (127,703) (0,0))
((64,544) (127,575) (0,0))
((64,416) (127,447) (0,0))
((64,320) (127,351) (0,0))
((64,224) (127,255) (0,0))
((320,800) (383,831) (0,0))
((320,672) (383,703) (0,0))
((320,544) (383,575) (0,0))
((320,416) (383,447) (0,0))
((320,320) (383,351) (0,0))
((320,224) (383,255) (0,0))
((192,800) (255,831) (0,0))
((192,672) (255,703) (0,0))
((192,544) (255,575) (0,0))
((192,416) (255,447) (0,0))
((192,320) (255,351) (0,0))
((192,224) (255,255) (0,0))
((64,160) (127,191) (0,0))
((320,160) (383,191) (0,0))
((192,160) (255,191) (0,0))
((64,864) (127,895) (0,0))
((64,736) (127,767) (0,0))
((64,608) (127,639) (0,0))
((64,480) (127,511) (0,0))
((64,352) (127,383) (0,0))
((64,256) (127,287) (0,0))
((320,864) (383,895) (0,0))
((320,736) (383,767) (0,0))
((320,608) (383,639) (0,0))
((320,480) (383,511) (0,0))
((320,352) (383,383) (0,0))
((320,256) (383,287) (0,0))
((192,864) (255,895) (0,0))
((192,736) (255,767) (0,0))
((192,608) (255,639) (0,0))
((192,480) (255,511) (0,0))
((192,352) (255,383) (0,0))
((192,256) (255,287) (0,0))
((0,832) (63,863) (0,0))
((0,704) (63,735) (0,0))
((0,576) (63,607) (0,0))
((0,448) (63,479) (0,0))
((256,832) (319,863) (0,0))
((256,704) (319,735) (0,0))
((256,576) (319,607) (0,0))
((256,448) (319,479) (0,0))
((128,832) (191,863) (0,0))
((128,704) (191,735) (0,0))
((128,576) (191,607) (0,0))
((128,448) (191,479) (0,0))
((0,192) (63,223) (0,0))
((256,192) (319,223) (0,0))
((128,192) (191,223) (0,0))
((0,896) (63,927) (0,0))
((0,768) (63,799) (0,0))
((0,640) (63,671) (0,0))
((0,512) (63,543) (0,0))
((0,384) (63,415) (0,0))
((0,288) (63,319) (0,0))
((256,896) (319,927) (0,0))
((256,768) (319,799) (0,0))
((256,640) (319,671) (0,0))
((256,512) (319,543) (0,0))
((256,384) (319,415) (0,0))
((256,288) (319,319) (0,0))
((128,896) (191,927) (0,0))
((128,768) (191,799) (0,0))
((128,640) (191,671) (0,0))
((128,512) (191,543) (0,0))
((128,384) (191,415) (0,0))
((128,288) (191,319) (0,0))
((64,832) (127,863) (0,0))
((64,704) (127,735) (0,0))
((64,576) (127,607) (0,0))
((64,448) (127,479) (0,0))
((320,832) (383,863) (0,0))
((320,704) (383,735) (0,0))
((320,576) (383,607) (0,0))
((320,448) (383,479) (0,0))
((192,832) (255,863) (0,0))
((192,704) (255,735) (0,0))
((192,576) (255,607) (0,0))
((192,448) (255,479) (0,0))
((64,192) (127,223) (0,0))
((320,192) (383,223) (0,0))
((192,192) (255,223) (0,0))
((64,896) (127,927) (0,0))
((64,768) (127,799) (0,0))
((64,640) (127,671) (0,0))
((64,512) (127,543) (0,0))
((64,384) (127,415) (0,0))
((64,288) (127,319) (0,0))
((320,896) (383,927) (0,0))
((320,768) (383,799) (0,0))
((320,640) (383,671) (0,0))
((320,512) (383,543) (0,0))
((320,384) (383,415) (0,0))
((320,288) (383,319) (0,0))
((192,896) (255,927) (0,0))
((192,768) (255,799) (0,0))
((192,640) (255,671) (0,0))
((192,512) (255,543) (0,0))
((192,384) (255,415) (0,0))
((192,288) (255,319) (0,0))
)0.00034220995672518795
0.00034220995672518795
0.00034227100633737149
0.00034227100633737149
1
Level_2/SD_4_New_MF
3
(1 (0,0)(722656.25,722656.25) 1)
(RealBox 0 740000000 0 1480000000 )((0,0) (1023,2047) (0,0))
(138 0
((0,320) (63,383) (0,0))
((576,320) (703,383) (0,0))
((448,320) (575,383) (0,0))
((320,320) (447,383) (0,0))
((192,320) (319,383) (0,0))
((64,320) (191,383) (0,0))
((0,1664) (63,1727) (0,0))
((0,1536) (63,1599) (0,0))
((0,1408) (63,1471) (0,0))
((0,1280) (63,1343) (0,0))
((0,1152) (63,1215) (0,0))
((0,1024) (63,1087) (0,0))
((0,896) (63,959) (0,0))
((0,768) (63,831) (0,0))
((0,640) (63,703) (0,0))
((0,512) (63,575) (0,0))
((0,384) (63,447) (0,0))
((576,1664) (703,1727) (0,0))
((576,1536) (703,1599) (0,0))
((576,1408) (703,1471) (0,0))
((576,1280) (703,1343) (0,0))
((576,1152) (703,1215) (0,0))
((576,1024) (703,1087) (0,0))
((576,896) (703,959) (0,0))
((576,768) (703,831) (0,0))
((576,640) (703,703) (0,0))
((576,512) (703,575) (0,0))
((576,384) (703,447) (0,0))
((448,1664) (575,1727) (0,0))
((448,1536) (575,1599) (0,0))
((448,1408) (575,1471) (0,0))
((448,1280) (575,1343) (0,0))
((448,1152) (575,1215) (0,0))
((448,1024) (575,1087) (0,0))
((448,896) (575,959) (0,0))
((448,768) (575,831) (0,0))
((448,640) (575,703) (0,0))
((448,512) (575,575) (0,0))
((448,384) (575,447) (0,0))
((320,1664) (447,1727) (0,0))
((320,1536) (447,1599) (0,0))
((320,1408) (447,1471) (0,0))
((320,1280) (447,1343) (0,0))
((320,1152) (447,1215) (0,0))
((320,1024) (447,1087) (0,0))
((320,896) (447,959) (0,0))
((320,768) (447,831) (0,0))
((320,640) (447,703) (0,0))
((320,512) (447,575) (0,0))
((320,384) (447,447) (0,0))
((192,1664) (319,1727) (0,0))
((192,1536) (319,1599) (0,0))
((192,1408) (319,1471) (0,0))
((192,1280) (319,1343) (0,0))
((192,1152) (319,1215) (0,0))
((192,1024) (319,1087) (0,0))
((192,896) (319,959) (0,0))
((192,768) (319,831) (0,0))
((192,640) (319,703) (0,0))
((192,512) (319,575) (0,0))
((192,384) (319,447) (0,0))
((64,1664) (191,1727) (0,0))
((64,1536) (191,1599) (0,0))
((64,1408) (191,1471) (0,0))
((64,1280) (191,1343) (0,0))
((64,1152) (191,1215) (0,0))
((64,1024) (191,1087) (0,0))
((64,896) (191,959) (0,0))
((64,768) (191,831) (0,0))
((64,640) (191,703) (0,0))
((64,512) (191,575) (0,0))
((64,384) (191,447) (0,0))
((0,1728) (63,1791) (0,0))
((0,1600) (63,1663) (0,0))
((0,1472) (63,1535) (0,0))
((0,1344) (63,1407) (0,0))
((0,1216) (63,1279) (0,0))
((0,1088) (63,1151) (0,0))
((0,960) (63,1023) (0,0))
((0,832) (63,895) (0,0))
((0,704) (63,767) (0,0))
((0,576) (63,639) (0,0))
((0,448) (63,511) (0,0))
((576,1728) (703,1791) (0,0))
((576,1600) (703,1663) (0,0))
((576,1472) (703,1535) (0,0))
((576,1344) (703,1407) (0,0))
((576,1216) (703,1279) (0,0))
((576,1088) (703,1151) (0,0))
((576,960) (703,1023) (0,0))
((576,832) (703,895) (0,0))
((576,704) (703,767) (0,0))
((576,576) (703,639) (0,0))
((576,448) (703,511) (0,0))
((448,1728) (575,1791) (0,0))
((448,1600) (575,1663) (0,0))
((448,1472) (575,1535) (0,0))
((448,1344) (575,1407) (0,0))
((448,1216) (575,1279) (0,0))
((448,1088) (575,1151) (0,0))
((448,960) (575,1023) (0,0))
((448,832) (575,895) (0,0))
((448,704) (575,767) (0,0))
((448,576) (575,639) (0,0))
((448,448) (575,511) (0,0))
((320,1728) (447,1791) (0,0))
((320,1600) (447,1663) (0,0))
((320,1472) (447,1535) (0,0))
((320,1344) (447,1407) (0,0))
((320,1216) (447,1279) (0,0))
((320,1088) (447,1151) (0,0))
((320,960) (447,1023) (0,0))
((320,832) (447,895) (0,0))
((320,704) (447,767) (0,0))
((320,576) (447,639) (0,0))
((320,448) (447,511) (0,0))
((192,1728) (319,1791) (0,0))
((192,1600) (319,1663) (0,0))
((192,1472) (319,1535) (0,0))
((192,1344) (319,1407) (0,0))
((192,1216) (319,1279) (0,0))
((192,1088) (319,1151) (0,0))
((192,960) (319,1023) (0,0))
((192,832) (319,895) (0,0))
((192,704) (319,767) (0,0))
((192,576) (319,639) (0,0))
((192,448) (319,511) (0,0))
((64,1728) (191,1791) (0,0))
((64,1600) (191,1663) (0,0))
((64,1472) (191,1535) (0,0))
((64,1344) (191,1407) (0,0))
((64,1216) (191,1279) (0,0))
((64,1088) (191,1151) (0,0))
((64,960) (191,1023) (0,0))
((64,832) (191,895) (0,0))
((64,704) (191,767) (0,0))
((64,576) (191,639) (0,0))
((64,448) (191,511) (0,0))
)5
((0,0) (1023,2047) (0,0))
(138 0
((0,320) (63,383) (0,0))
((576,320) (703,383) (0,0))
((448,320) (575,383) (0,0))
((320,320) (447,383) (0,0))
((192,320) (319,383) (0,0))
((64,320) (191,383) (0,0))
((0,1664) (63,1727) (0,0))
((0,1536) (63,1599) (0,0))
((0,1408) (63,1471) (0,0))
((0,1280) (63,1343) (0,0))
((0,1152) (63,1215) (0,0))
((0,1024) (63,1087) (0,0))
((0,896) (63,959) (0,0))
((0,768) (63,831) (0,0))
((0,640) (63,703) (0,0))
((0,512) (63,575) (0,0))
((0,384) (63,447) (0,0))
((576,1664) (703,1727) (0,0))
((576,1536) (703,1599) (0,0))
((576,1408) (703,1471) (0,0))
((576,1280) (703,1343) (0,0))
((576,1152) (703,1215) (0,0))
((576,1024) (703,1087) (0,0))
((576,896) (703,959) (0,0))
((576,768) (703,831) (0,0))
((576,640) (703,703) (0,0))
((576,512) (703,575) (0,0))
((576,384) (703,447) (0,0))
((448,1664) (575,1727) (0,0))
((448,1536) (575,1599) (0,0))
((448,1408) (575,1471) (0,0))
((448,1280) (575,1343) (0,0))
((448,1152) (575,1215) (0,0))
((448,1024) (575,1087) (0,0))
((448,896) (575,959) (0,0))
((448,768) (575,831) (0,0))
((448,640) (575,703) (0,0))
((448,512) (575,575) (0,0))
((448,384) (575,447) (0,0))
((320,1664) (447,1727) (0,0))
((320,1536) (447,1599) (0,0))
((320,1408) (447,1471) (0,0))
((320,1280) (447,1343) (0,0))
((320,1152) (447,1215) (0,0))
((320,1024) (447,1087) (0,0))
((320,896) (447,959) (0,0))
((320,768) (447,831) (0,0))
((320,640) (447,703) (0,0))
((320,512) (447,575) (0,0))
((320,384) (447,447) (0,0))
((192,1664) (319,1727) (0,0))
((192,1536) (319,1599) (0,0))
((192,1408) (319,1471) (0,0))
((192,1280) (319,1343) (0,0))
((192,1152) (319,1215) (0,0))
((192,1024) (319,1087) (0,0))
((192,896) (319,959) (0,0))
((192,768) (319,831) (0,0))
((192,640) (319,703) (0,0))
((192,512) (319,575) (0,0))
((192,384) (319,447) (0,0))
((64,1664) (191,1727) (0,0))
((64,1536) (191,1599) (0,0))
((64,1408) (191,1471) (0,0))
((64,1280) (191,1343) (0,0))
((64,1152) (191,1215) (0,0))
((64,1024) (191,1087) (0,0))
((64,896) (191,959) (0,0))
((64,768) (191,831) (0,0))
((64,640) (191,703) (0,0))
((64,512) (191,575) (0,0))
((64,384) (191,447) (0,0))
((0,1728) (63,1791) (0,0))
((0,1600) (63,1663) (0,0))
((0,1472) (63,1535) (0,0))
((0,1344) (63,1407) (0,0))
((0,1216) (63,1279) (0,0))
((0,1088) (63,1151) (0,0))
((0,960) (63,1023) (0,0))
((0,832) (63,895) (0,0))
((0,704) (63,767) (0,0))
((0,576) (63,639) (0,0))
((0,448) (63,511) (0,0))
((576,1728) (703,1791) (0,0))
((576,1600) (703,1663) (0,0))
((576,1472) (703,1535) (0,0))
((576,1344) (703,1407) (0,0))
((576,1216) (703,1279) (0,0))
((576,1088) (703,1151) (0,0))
((576,960) (703,1023) (0,0))
((576,832) (703,895) (0,0))
((576,704) (703,767) (0,0))
((576,576) (703,639) (0,0))
((576,448) (703,511) (0,0))
((448,1728) (575,1791) (0,0))
((448,1600) (575,1663) (0,0))
((448,1472) (575,1535) (0,0))
((448,1344) (575,1407) (0,0))
((448,1216) (575,1279) (0,0))
((448,1088) (575,1151) (0,0))
((448,960) (575,1023) (0,0))
((448,832) (575,895) (0,0))
((448,704) (575,767) (0,0))
((448,576) (575,639) (0,0))
((448,448) (575,511) (0,0))
((320,1728) (447,1791) (0,0))
((320,1600) (447,1663) (0,0))
((320,1472) (447,1535) (0,0))
((320,1344) (447,1407) (0,0))
((320,1216) (447,1279) (0,0))
((320,1088) (447,1151) (0,0))
((320,960) (447,1023) (0,0))
((320,832) (447,895) (0,0))
((320,704) (447,767) (0,0))
((320,576) (447,639) (0,0))
((320,448) (447,511) (0,0))
((192,1728) (319,1791) (0,0))
((192,1600) (319,1663) (0,0))
((192,1472) (319,1535) (0,0))
((192,1344) (319,1407) (0,0))
((192,1216) (319,1279) (0,0))
((192,1088) (319,1151) (0,0))
((192,960) (319,1023) (0,0))
((192,832) (319,895) (0,0))
((192,704) (319,767) (0,0))
((192,576) (319,639) (0,0))
((192,448) (319,511) (0,0))
((64,1728) (191,1791) (0,0))
((64,1600) (191,1663) (0,0))
((64,1472) (191,1535) (0,0))
((64,1344) (191,1407) (0,0))
((64,1216) (191,1279) (0,0))
((64,1088) (191,1151) (0,0))
((64,960) (191,1023) (0,0))
((64,832) (191,895) (0,0))
((64,704) (191,767) (0,0))
((64,576) (191,639) (0,0))
((64,448) (191,511) (0,0))
)0.0003422404815312797
0.0003422404815312797
0.00034227100633737149
0.00034227100633737149
1
Level_3/SD_0_New_MF
((0,0) (1023,2047) (0,0))
(138 0
((0,320) (63,383) (0,0))
((576,320) (703,383) (0,0))
((448,320) (575,383) (0,0))
((320,320) (447,383) (0,0))
((192,320) (319,383) (0,0))
((64,320) (191,383) (0,0))
((0,1664) (63,1727) (0,0))
((0,1536) (63,1599) (0,0))
((0,1408) (63,1471) (0,0))
((0,1280) (63,1343) (0,0))
((0,1152) (63,1215) (0,0))
((0,1024) (63,1087) (0,0))
((0,896) (63,959) (0,0))
((0,768) (63,831) (0,0))
((0,640) (63,703) (0,0))
((0,512) (63,575) (0,0))
((0,384) (63,447) (0,0))
((576,1664) (703,1727) (0,0))
((576,1536) (703,1599) (0,0))
((576,1408) (703,1471) (0,0))
((576,1280) (703,1343) (0,0))
((576,1152) (703,1215) (0,0))
((576,1024) (703,1087) (0,0))
((576,896) (703,959) (0,0))
((576,768) (703,831) (0,0))
((576,640) (703,703) (0,0))
((576,512) (703,575) (0,0))
((576,384) (703,447) (0,0))
((448,1664) (575,1727) (0,0))
((448,1536) (575,1599) (0,0))
((448,1408) (575,1471) (0,0))
((448,1280) (575,1343) (0,0))
((448,1152) (575,1215) (0,0))
((448,1024) (575,1087) (0,0))
((448,896) (575,959) (0,0))
((448,768) (575,831) (0,0))
((448,640) (575,703) (0,0))
((448,512) (575,575) (0,0))
((448,384) (575,447) (0,0))
((320,1664) (447,1727) (0,0))
((320,1536) (447,1599) (0,0))
((320,1408) (447,1471) (0,0))
((320,1280) (447,1343) (0,0))
((320,1152) (447,1215) (0,0))
((320,1024) (447,1087) (0,0))
((320,896) (447,959) (0,0))
((320,768) (447,831) (0,0))
((320,640) (447,703) (0,0))
((320,512) (447,575) (0,0))
((320,384) (447,447) (0,0))
((192,1664) (319,1727) (0,0))
((192,1536) (319,1599) (0,0))
((192,1408) (319,1471) (0,0))
((192,1280) (319,1343) (0,0))
((192,1152) (319,1215) (0,0))
((192,1024) (319,1087) (0,0))
((192,896) (319,959) (0,0))
((192,768) (319,831) (0,0))
((192,640) (319,703) (0,0))
((192,512) (319,575) (0,0))
((192,384) (319,447) (0,0))
((64,1664) (191,1727) (0,0))
((64,1536) (191,1599) (0,0))
((64,1408) (191,1471) (0,0))
((64,1280) (191,1343) (0,0))
((64,1152) (191,1215) (0,0))
((64,1024) (191,1087) (0,0))
((64,896) (191,959) (0,0))
((64,768) (191,831) (0,0))
((64,640) (191,703) (0,0))
((64,512) (191,575) (0,0))
((64,384) (191,447) (0,0))
((0,1728) (63,1791) (0,0))
((0,1600) (63,1663) (0,0))
((0,1472) (63,1535) (0,0))
((0,1344) (63,1407) (0,0))
((0,1216) (63,1279) (0,0))
((0,1088) (63,1151) (0,0))
((0,960) (63,1023) (0,0))
((0,832) (63,895) (0,0))
((0,704) (63,767) (0,0))
((0,576) (63,639) (0,0))
((0,448) (63,511) (0,0))
((576,1728) (703,1791) (0,0))
((576,1600) (703,1663) (0,0))
((576,1472) (703,1535) (0,0))
((576,1344) (703,1407) (0,0))
((576,1216) (703,1279) (0,0))
((576,1088) (703,1151) (0,0))
((576,960) (703,1023) (0,0))
((576,832) (703,895) (0,0))
((576,704) (703,767) (0,0))
((576,576) (703,639) (0,0))
((576,448) (703,511) (0,0))
((448,1728) (575,1791) (0,0))
((448,1600) (575,1663) (0,0))
((448,1472) (575,1535) (0,0))
((448,1344) (575,1407) (0,0))
((448,1216) (575,1279) (0,0))
((448,1088) (575,1151) (0,0))
((448,960) (575,1023) (0,0))
((448,832) (575,895) (0,0))
((448,704) (575,767) (0,0))
((448,576) (575,639) (0,0))
((448,448) (575,511) (0,0))
((320,1728) (447,1791) (0,0))
((320,1600) (447,1663) (0,0))
((320,1472) (447,1535) (0,0))
((320,1344) (447,1407) (0,0))
((320,1216) (447,1279) (0,0))
((320,1088) (447,1151) (0,0))
((320,960) (447,1023) (0,0))
((320,832) (447,895) (0,0))
((320,704) (447,767) (0,0))
((320,576) (447,639) (0,0))
((320,448) (447,511) (0,0))
((192,1728) (319,1791) (0,0))
((192,1600) (319,1663) (0,0))
((192,1472) (319,1535) (0,0))
((192,1344) (319,1407) (0,0))
((192,1216) (319,1279) (0,0))
((192,1088) (319,1151) (0,0))
((192,960) (319,1023) (0,0))
((192,832) (319,895) (0,0))
((192,704) (319,767) (0,0))
((192,576) (319,639) (0,0))
((192,448) (319,511) (0,0))
((64,1728) (191,1791) (0,0))
((64,1600) (191,1663) (0,0))
((64,1472) (191,1535) (0,0))
((64,1344) (191,1407) (0,0))
((64,1216) (191,1279) (0,0))
((64,1088) (191,1151) (0,0))
((64,960) (191,1023) (0,0))
((64,832) (191,895) (0,0))
((64,704) (191,767) (0,0))
((64,576) (191,639) (0,0))
((64,448) (191,511) (0,0))
)0.0003422404815312797
0.0003422404815312797
0.00034227100633737149
0.00034227100633737149
1
Level_3/SD_1_New_MF
((0,0) (1023,2047) (0,0))
(138 0
((0,320) (63,383) (0,0))
((576,320) (703,383) (0,0))
((448,320) (575,383) (0,0))
((320,320) (447,383) (0,0))
((192,320) (319,383) (0,0))
((64,320) (191,383) (0,0))
((0,1664) (63,1727) (0,0))
((0,1536) (63,1599) (0,0))
((0,1408) (63,1471) (0,0))
((0,1280) (63,1343) (0,0))
((0,1152) (63,1215) (0,0))
((0,1024) (63,1087) (0,0))
((0,896) (63,959) (0,0))
((0,768) (63,831) (0,0))
((0,640) (63,703) (0,0))
((0,512) (63,575) (0,0))
((0,384) (63,447) (0,0))
((576,1664) (703,1727) (0,0))
((576,1536) (703,1599) (0,0))
((576,1408) (703,1471) (0,0))
((576,1280) (703,1343) (0,0))
((576,1152) (703,1215) (0,0))
((576,1024) (703,1087) (0,0))
((576,896) (703,959) (0,0))
((576,768) (703,831) (0,0))
((576,640) (703,703) (0,0))
((576,512) (703,575) (0,0))
((576,384) (703,447) (0,0))
((448,1664) (575,1727) (0,0))
((448,1536) (575,1599) (0,0))
((448,1408) (575,1471) (0,0))
((448,1280) (575,1343) (0,0))
((448,1152) (575,1215) (0,0))
((448,1024) (575,1087) (0,0))
((448,896) (575,959) (0,0))
((448,768) (575,831) (0,0))
((448,640) (575,703) (0,0))
((448,512) (575,575) (0,0))
((448,384) (575,447) (0,0))
((320,1664) (447,1727) (0,0))
((320,1536) (447,1599) (0,0))
((320,1408) (447,1471) (0,0))
((320,1280) (447,1343) (0,0))
((320,1152) (447,1215) (0,0))
((320,1024) (447,1087) (0,0))
((320,896) (447,959) (0,0))
((320,768) (447,831) (0,0))
((320,640) (447,703) (0,0))
((320,512) (447,575) (0,0))
((320,384) (447,447) (0,0))
((192,1664) (319,1727) (0,0))
((192,1536) (319,1599) (0,0))
((192,1408) (319,1471) (0,0))
((192,1280) (319,1343) (0,0))
((192,1152) (319,1215) (0,0))
((192,1024) (319,1087) (0,0))
((192,896) (319,959) (0,0))
((192,768) (319,831) (0,0))
((192,640) (319,703) (0,0))
((192,512) (319,575) (0,0))
((192,384) (319,447) (0,0))
((64,1664) (191,1727) (0,0))
((64,1536) (191,1599) (0,0))
((64,1408) (191,1471) (0,0))
((64,1280) (191,1343) (0,0))
((64,1152) (191,1215) (0,0))
((64,1024) (191,1087) (0,0))
((64,896) (191,959) (0,0))
((64,768) (191,831) (0,0))
((64,640) (191,703) (0,0))
((64,512) (191,575) (0,0))
((64,384) (191,447) (0,0))
((0,1728) (63,1791) (0,0))
((0,1600) (63,1663) (0,0))
((0,1472) (63,1535) (0,0))
((0,1344) (63,1407) (0,0))
((0,1216) (63,1279) (0,0))
((0,1088) (63,1151) (0,0))
((0,960) (63,1023) (0,0))
((0,832) (63,895) (0,0))
((0,704) (63,767) (0,0))
((0,576) (63,639) (0,0))
((0,448) (63,511) (0,0))
((576,1728) (703,1791) (0,0))
((576,1600) (703,1663) (0,0))
((576,1472) (703,1535) (0,0))
((576,1344) (703,1407) (0,0))
((576,1216) (703,1279) (0,0))
((576,1088) (703,1151) (0,0))
((576,960) (703,1023) (0,0))
((576,832) (703,895) (0,0))
((576,704) (703,767) (0,0))
((576,576) (703,639) (0,0))
((576,448) (703,511) (0,0))
((448,1728) (575,1791) (0,0))
((448,1600) (575,1663) (0,0))
((448,1472) (575,1535) (0,0))
((448,1344) (575,1407) (0,0))
((448,1216) (575,1279) (0,0))
((448,1088) (575,1151) (0,0))
((448,960) (575,1023) (0,0))
((448,832) (575,895) (0,0))
((448,704) (575,767) (0,0))
((448,576) (575,639) (0,0))
((448,448) (575,511) (0,0))
((320,1728) (447,1791) (0,0))
((320,1600) (447,1663) (0,0))
((320,1472) (447,1535) (0,0))
((320,1344) (447,1407) (0,0))
((320,1216) (447,1279) (0,0))
((320,1088) (447,1151) (0,0))
((320,960) (447,1023) (0,0))
((320,832) (447,895) (0,0))
((320,704) (447,767) (0,0))
((320,576) (447,639) (0,0))
((320,448) (447,511) (0,0))
((192,1728) (319,1791) (0,0))
((192,1600) (319,1663) (0,0))
((192,1472) (319,1535) (0,0))
((192,1344) (319,1407) (0,0))
((192,1216) (319,1279) (0,0))
((192,1088) (319,1151) (0,0))
((192,960) (319,1023) (0,0))
((192,832) (319,895) (0,0))
((192,704) (319,767) (0,0))
((192,576) (319,639) (0,0))
((192,448) (319,511) (0,0))
((64,1728) (191,1791) (0,0))
((64,1600) (191,1663) (0,0))
((64,1472) (191,1535) (0,0))
((64,1344) (191,1407) (0,0))
((64,1216) (191,1279) (0,0))
((64,1088) (191,1151) (0,0))
((64,960) (191,1023) (0,0))
((64,832) (191,895) (0,0))
((64,704) (191,767) (0,0))
((64,576) (191,639) (0,0))
((64,448) (191,511) (0,0))
)0.0003422404815312797
0.0003422404815312797
0.00034227100633737149
0.00034227100633737149
0
((0,0) (1023,2047) (0,0))
(138 0
((0,320) (63,383) (0,0))
((576,320) (703,383) (0,0))
((448,320) (575,383) (0,0))
((320,320) (447,383) (0,0))
((192,320) (319,383) (0,0))
((64,320) (191,383) (0,0))
((0,1664) (63,1727) (0,0))
((0,1536) (63,1599) (0,0))
((0,1408) (63,1471) (0,0))
((0,1280) (63,1343) (0,0))
((0,1152) (63,1215) (0,0))
((0,1024) (63,1087) (0,0))
((0,896) (63,959) (0,0))
((0,768) (63,831) (0,0))
((0,640) (63,703) (0,0))
((0,512) (63,575) (0,0))
((0,384) (63,447) (0,0))
((576,1664) (703,1727) (0,0))
((576,1536) (703,1599) (0,0))
((576,1408) (703,1471) (0,0))
((576,1280) (703,1343) (0,0))
((576,1152) (703,1215) (0,0))
((576,1024) (703,1087) (0,0))
((576,896) (703,959) (0,0))
((576,768) (703,831) (0,0))
((576,640) (703,703) (0,0))
((576,512) (703,575) (0,0))
((576,384) (703,447) (0,0))
((448,1664) (575,1727) (0,0))
((448,1536) (575,1599) (0,0))
((448,1408) (575,1471) (0,0))
((448,1280) (575,1343) (0,0))
((448,1152) (575,1215) (0,0))
((448,1024) (575,1087) (0,0))
((448,896) (575,959) (0,0))
((448,768) (575,831) (0,0))
((448,640) (575,703) (0,0))
((448,512) (575,575) (0,0))
((448,384) (575,447) (0,0))
((320,1664) (447,1727) (0,0))
((320,1536) (447,1599) (0,0))
((320,1408) (447,1471) (0,0))
((320,1280) (447,1343) (0,0))
((320,1152) (447,1215) (0,0))
((320,1024) (447,1087) (0,0))
((320,896) (447,959) (0,0))
((320,768) (447,831) (0,0))
((320,640) (447,703) (0,0))
((320,512) (447,575) (0,0))
((320,384) (447,447) (0,0))
((192,1664) (319,1727) (0,0))
((192,1536) (319,1599) (0,0))
((192,1408) (319,1471) (0,0))
((192,1280) (319,1343) (0,0))
((192,1152) (319,1215) (0,0))
((192,1024) (319,1087) (0,0))
((192,896) (319,959) (0,0))
((192,768) (319,831) (0,0))
((192,640) (319,703) (0,0))
((192,512) (319,575) (0,0))
((192,384) (319,447) (0,0))
((64,1664) (191,1727) (0,0))
((64,1536) (191,1599) (0,0))
((64,1408) (191,1471) (0,0))
((64,1280) (191,1343) (0,0))
((64,1152) (191,1215) (0,0))
((64,1024) (191,1087) (0,0))
((64,896) (191,959) (0,0))
((64,768) (191,831) (0,0))
((64,640) (191,703) (0,0))
((64,512) (191,575) (0,0))
((64,384) (191,447) (0,0))
((0,1728) (63,1791) (0,0))
((0,1600) (63,1663) (0,0))
((0,1472) (63,1535) (0,0))
((0,1344) (63,1407) (0,0))
((0,1216) (63,1279) (0,0))
((0,1088) (63,1151) (0,0))
((0,960) (63,1023) (0,0))
((0,832) (63,895) (0,0))
((0,704) (63,767) (0,0))
((0,576) (63,639) (0,0))
((0,448) (63,511) (0,0))
((576,1728) (703,1791) (0,0))
((576,1600) (703,1663) (0,0))
((576,1472) (703,1535) (0,0))
((576,1344) (703,1407) (0,0))
((576,1216) (703,1279) (0,0))
((576,1088) (703,1151) (0,0))
((576,960) (703,1023) (0,0))
((576,832) (703,895) (0,0))
((576,704) (703,767) (0,0))
((576,576) (703,639) (0,0))
((576,448) (703,511) (0,0))
((448,1728) (575,1791) (0,0))
((448,1600) (575,1663) (0,0))
((448,1472) (575,1535) (0,0))
((448,1344) (575,1407) (0,0))
((448,1216) (575,1279) (0,0))
((448,1088) (575,1151) (0,0))
((448,960) (575,1023) (0,0))
((448,832) (575,895) (0,0))
((448,704) (575,767) (0,0))
((448,576) (575,639) (0,0))
((448,448) (575,511) (0,0))
((320,1728) (447,1791) (0,0))
((320,1600) (447,1663) (0,0))
((320,1472) (447,1535) (0,0))
((320,1344) (447,1407) (0,0))
((320,1216) (447,1279) (0,0))
((320,1088) (447,1151) (0,0))
((320,960) (447,1023) (0,0))
((320,832) (447,895) (0,0))
((320,704) (447,767) (0,0))
((320,576) (447,639) (0,0))
((320,448) (447,511) (0,0))
((192,1728) (319,1791) (0,0))
((192,1600) (319,1663) (0,0))
((192,1472) (319,1535) (0,0))
((192,1344) (319,1407) (0,0))
((192,1216) (319,1279) (0,0))
((192,1088) (319,1151) (0,0))
((192,960) (319,1023) (0,0))
((192,832) (319,895) (0,0))
((192,704) (319,767) (0,0))
((192,576) (319,639) (0,0))
((192,448) (319,511) (0,0))
((64,1728) (191,1791) (0,0))
((64,1600) (191,1663) (0,0))
((64,1472) (191,1535) (0,0))
((64,1344) (191,1407) (0,0))
((64,1216) (191,1279) (0,0))
((64,1088) (191,1151) (0,0))
((64,960) (191,1023) (0,0))
((64,832) (191,895) (0,0))
((64,704) (191,767) (0,0))
((64,576) (191,639) (0,0))
((64,448) (191,511) (0,0))
)0.0003422404815312797
0.0003422404815312797
0.00034227100633737149
0.00034227100633737149
1
Level_3/SD_3_New_MF
((0,0) (1023,2047) (0,0))
(138 0
((0,320) (63,383) (0,0))
((576,320) (703,383) (0,0))
((448,320) (575,383) (0,0))
((320,320) (447,383) (0,0))
((192,320) (319,383) (0,0))
((64,320) (191,383) (0,0))
((0,1664) (63,1727) (0,0))
((0,1536) (63,1599) (0,0))
((0,1408) (63,1471) (0,0))
((0,1280) (63,1343) (0,0))
((0,1152) (63,1215) (0,0))
((0,1024) (63,1087) (0,0))
((0,896) (63,959) (0,0))
((0,768) (63,831) (0,0))
((0,640) (63,703) (0,0))
((0,512) (63,575) (0,0))
((0,384) (63,447) (0,0))
((576,1664) (703,1727) (0,0))
((576,1536) (703,1599) (0,0))
((576,1408) (703,1471) (0,0))
((576,1280) (703,1343) (0,0))
((576,1152) (703,1215) (0,0))
((576,1024) (703,1087) (0,0))
((576,896) (703,959) (0,0))
((576,768) (703,831) (0,0))
((576,640) (703,703) (0,0))
((576,512) (703,575) (0,0))
((576,384) (703,447) (0,0))
((448,1664) (575,1727) (0,0))
((448,1536) (575,1599) (0,0))
((448,1408) (575,1471) (0,0))
((448,1280) (575,1343) (0,0))
((448,1152) (575,1215) (0,0))
((448,1024) (575,1087) (0,0))
((448,896) (575,959) (0,0))
((448,768) (575,831) (0,0))
((448,640) (575,703) (0,0))
((448,512) (575,575) (0,0))
((448,384) (575,447) (0,0))
((320,1664) (447,1727) (0,0))
((320,1536) (447,1599) (0,0))
((320,1408) (447,1471) (0,0))
((320,1280) (447,1343) (0,0))
((320,1152) (447,1215) (0,0))
((320,1024) (447,1087) (0,0))
((320,896) (447,959) (0,0))
((320,768) (447,831) (0,0))
((320,640) (447,703) (0,0))
((320,512) (447,575) (0,0))
((320,384) (447,447) (0,0))
((192,1664) (319,1727) (0,0))
((192,1536) (319,1599) (0,0))
((192,1408) (319,1471) (0,0))
((192,1280) (319,1343) (0,0))
((192,1152) (319,1215) (0,0))
((192,1024) (319,1087) (0,0))
((192,896) (319,959) (0,0))
((192,768) (319,831) (0,0))
((192,640) (319,703) (0,0))
((192,512) (319,575) (0,0))
((192,384) (319,447) (0,0))
((64,1664) (191,1727) (0,0))
((64,1536) (191,1599) (0,0))
((64,1408) (191,1471) (0,0))
((64,1280) (191,1343) (0,0))
((64,1152) (191,1215) (0,0))
((64,1024) (191,1087) (0,0))
((64,896) (191,959) (0,0))
((64,768) (191,831) (0,0))
((64,640) (191,703) (0,0))
((64,512) (191,575) (0,0))
((64,384) (191,447) (0,0))
((0,1728) (63,1791) (0,0))
((0,1600) (63,1663) (0,0))
((0,1472) (63,1535) (0,0))
((0,1344) (63,1407) (0,0))
((0,1216) (63,1279) (0,0))
((0,1088) (63,1151) (0,0))
((0,960) (63,1023) (0,0))
((0,832) (63,895) (0,0))
((0,704) (63,767) (0,0))
((0,576) (63,639) (0,0))
((0,448) (63,511) (0,0))
((576,1728) (703,1791) (0,0))
((576,1600) (703,1663) (0,0))
((576,1472) (703,1535) (0,0))
((576,1344) (703,1407) (0,0))
((576,1216) (703,1279) (0,0))
((576,1088) (703,1151) (0,0))
((576,960) (703,1023) (0,0))
((576,832) (703,895) (0,0))
((576,704) (703,767) (0,0))
((576,576) (703,639) (0,0))
((576,448) (703,511) (0,0))
((448,1728) (575,1791) (0,0))
((448,1600) (575,1663) (0,0))
((448,1472) (575,1535) (0,0))
((448,1344) (575,1407) (0,0))
((448,1216) (575,1279) (0,0))
((448,1088) (575,1151) (0,0))
((448,960) (575,1023) (0,0))
((448,832) (575,895) (0,0))
((448,704) (575,767) (0,0))
((448,576) (575,639) (0,0))
((448,448) (575,511) (0,0))
((320,1728) (447,1791) (0,0))
((320,1600) (447,1663) (0,0))
((320,1472) (447,1535) (0,0))
((320,1344) (447,1407) (0,0))
((320,1216) (447,1279) (0,0))
((320,1088) (447,1151) (0,0))
((320,960) (447,1023) (0,0))
((320,832) (447,895) (0,0))
((320,704) (447,767) (0,0))
((320,576) (447,639) (0,0))
((320,448) (447,511) (0,0))
((192,1728) (319,1791) (0,0))
((192,1600) (319,1663) (0,0))
((192,1472) (319,1535) (0,0))
((192,1344) (319,1407) (0,0))
((192,1216) (319,1279) (0,0))
((192,1088) (319,1151) (0,0))
((192,960) (319,1023) (0,0))
((192,832) (319,895) (0,0))
((192,704) (319,767) (0,0))
((192,576) (319,639) (0,0))
((192,448) (319,511) (0,0))
((64,1728) (191,1791) (0,0))
((64,1600) (191,1663) (0,0))
((64,1472) (191,1535) (0,0))
((64,1344) (191,1407) (0,0))
((64,1216) (191,1279) (0,0))
((64,1088) (191,1151) (0,0))
((64,960) (191,1023) (0,0))
((64,832) (191,895) (0,0))
((64,704) (191,767) (0,0))
((64,576) (191,639) (0,0))
((64,448) (191,511) (0,0))
)0.0003422404815312797
0.0003422404815312797
0.00034227100633737149
0.00034227100633737149
1
Level_3/SD_4_New_MF
4
(1 (0,0)(361328.125,361328.125) 1)
(RealBox 0 740000000 0 1480000000 )((0,0) (2047,4095) (0,0))
(109 0
((0,928) (63,1055) (0,0))
((128,1184) (255,1215) (0,0))
((256,1184) (319,1279) (0,0))
((416,1184) (479,1247) (0,0))
((736,1216) (831,1311) (0,0))
((736,1312) (799,1407) (0,0))
((544,1376) (607,1471) (0,0))
((736,1408) (831,1471) (0,0))
((640,1472) (735,1535) (0,0))
((704,1536) (735,1599) (0,0))
((736,1600) (831,1695) (0,0))
((832,1824) (927,1887) (0,0))
((672,2272) (767,2335) (0,0))
((0,2592) (127,2655) (0,0))
((512,2592) (607,2655) (0,0))
((736,2592) (863,2719) (0,0))
((736,2720) (799,2783) (0,0))
((736,2784) (831,2879) (0,0))
((576,928) (703,1055) (0,0))
((448,928) (575,1055) (0,0))
((320,928) (447,1055) (0,0))
((192,928) (319,1055) (0,0))
((64,928) (191,1055) (0,0))
((320,1184) (415,1279) (0,0))
((608,1184) (735,1247) (0,0))
((480,1184) (607,1247) (0,0))
((800,1312) (927,1407) (0,0))
((608,1376) (735,1471) (0,0))
((928,1408) (1023,1471) (0,0))
((832,1408) (927,1471) (0,0))
((960,1600) (1087,1695) (0,0))
((832,1600) (959,1695) (0,0))
((1024,1824) (1119,1887) (0,0))
((928,1824) (1023,1887) (0,0))
((960,2272) (1087,2335) (0,0))
((864,2272) (959,2335) (0,0))
((768,2272) (863,2335) (0,0))
((384,2592) (511,2655) (0,0))
((256,2592) (383,2655) (0,0))
((128,2592) (255,2655) (0,0))
((608,2592) (735,2655) (0,0))
((864,2592) (991,2719) (0,0))
((800,2720) (895,2783) (0,0))
((0,1056) (63,1183) (0,0))
((416,1248) (479,1375) (0,0))
((736,1472) (831,1599) (0,0))
((736,1696) (831,1823) (0,0))
((832,2144) (927,2271) (0,0))
((832,2016) (927,2143) (0,0))
((832,1888) (927,2015) (0,0))
((672,2464) (767,2591) (0,0))
((672,2336) (767,2463) (0,0))
((0,3424) (127,3551) (0,0))
((0,3296) (127,3423) (0,0))
((0,3168) (127,3295) (0,0))
((0,3040) (127,3167) (0,0))
((0,2912) (127,3039) (0,0))
((0,2784) (127,2911) (0,0))
((0,2656) (127,2783) (0,0))
((512,2912) (607,3039) (0,0))
((512,2784) (607,2911) (0,0))
((512,2656) (607,2783) (0,0))
((576,1056) (703,1183) (0,0))
((448,1056) (575,1183) (0,0))
((320,1056) (447,1183) (0,0))
((192,1056) (319,1183) (0,0))
((64,1056) (191,1183) (0,0))
((608,1248) (735,1375) (0,0))
((480,1248) (607,1375) (0,0))
((928,1472) (1023,1599) (0,0))
((832,1472) (927,1599) (0,0))
((960,1696) (1087,1823) (0,0))
((832,1696) (959,1823) (0,0))
((1024,2144) (1119,2271) (0,0))
((1024,2016) (1119,2143) (0,0))
((1024,1888) (1119,2015) (0,0))
((928,2144) (1023,2271) (0,0))
((928,2016) (1023,2143) (0,0))
((928,1888) (1023,2015) (0,0))
((960,2464) (1087,2591) (0,0))
((960,2336) (1087,2463) (0,0))
((864,2464) (959,2591) (0,0))
((864,2336) (959,2463) (0,0))
((768,2464) (863,2591) (0,0))
((768,2336) (863,2463) (0,0))
((384,3424) (511,3551) (0,0))
((384,3296) (511,3423) (0,0))
((384,3168) (511,3295) (0,0))
((384,3040) (511,3167) (0,0))
((384,2912) (511,3039) (0,0))
((384,2784) (511,2911) (0,0))
((384,2656) (511,2783) (0,0))
((256,3424) (383,3551) (0,0))
((256,3296) (383,3423) (0,0))
((256,3168) (383,3295) (0,0))
((256,3040) (383,3167) (0,0))
((256,2912) (383,3039) (0,0))
((256,2784) (383,2911) (0,0))
((256,2656) (383,2783) (0,0))
((128,3424) (255,3551) (0,0))
((128,3296) (255,3423) (0,0))
((128,3168) (255,3295) (0,0))
((128,3040) (255,3167) (0,0))
((128,2912) (255,3039) (0,0))
((128,2784) (255,2911) (0,0))
((128,2656) (255,2783) (0,0))
((608,2912) (735,3039) (0,0))
((608,2784) (735,2911) (0,0))
((608,2656) (735,2783) (0,0))
)5
((0,0) (2047,4095) (0,0))
(109 0
((0,928) (63,1055) (0,0))
((128,1184) (255,1215) (0,0))
((256,1184) (319,1279) (0,0))
((416,1184) (479,1247) (0,0))
((736,1216) (831,1311) (0,0))
((736,1312) (799,1407) (0,0))
((544,1376) (607,1471) (0,0))
((736,1408) (831,1471) (0,0))
((640,1472) (735,1535) (0,0))
((704,1536) (735,1599) (0,0))
((736,1600) (831,1695) (0,0))
((832,1824) (927,1887) (0,0))
((672,2272) (767,2335) (0,0))
((0,2592) (127,2655) (0,0))
((512,2592) (607,2655) (0,0))
((736,2592) (863,2719) (0,0))
((736,2720) (799,2783) (0,0))
((736,2784) (831,2879) (0,0))
((576,928) (703,1055) (0,0))
((448,928) (575,1055) (0,0))
((320,928) (447,1055) (0,0))
((192,928) (319,1055) (0,0))
((64,928) (191,1055) (0,0))
((320,1184) (415,1279) (0,0))
((608,1184) (735,1247) (0,0))
((480,1184) (607,1247) (0,0))
((800,1312) (927,1407) (0,0))
((608,1376) (735,1471) (0,0))
((928,1408) (1023,1471) (0,0))
((832,1408) (927,1471) (0,0))
((960,1600) (1087,1695) (0,0))
((832,1600) (959,1695) (0,0))
((1024,1824) (1119,1887) (0,0))
((928,1824) (1023,1887) (0,0))
((960,2272) (1087,2335) (0,0))
((864,2272) (959,2335) (0,0))
((768,2272) (863,2335) (0,0))
((384,2592) (511,2655) (0,0))
((256,2592) (383,2655) (0,0))
((128,2592) (255,2655) (0,0))
((608,2592) (735,2655) (0,0))
((864,2592) (991,2719) (0,0))
((800,2720) (895,2783) (0,0))
((0,1056) (63,1183) (0,0))
((416,1248) (479,1375) (0,0))
((736,1472) (831,1599) (0,0))
((736,1696) (831,1823) (0,0))
((832,2144) (927,2271) (0,0))
((832,2016) (927,2143) (0,0))
((832,1888) (927,2015) (0,0))
((672,2464) (767,2591) (0,0))
((672,2336) (767,2463) (0,0))
((0,3424) (127,3551) (0,0))
((0,3296) (127,3423) (0,0))
((0,3168) (127,3295) (0,0))
((0,3040) (127,3167) (0,0))
((0,2912) (127,3039) (0,0))
((0,2784) (127,2911) (0,0))
((0,2656) (127,2783) (0,0))
((512,2912) (607,3039) (0,0))
((512,2784) (607,2911) (0,0))
((512,2656) (607,2783) (0,0))
((576,1056) (703,1183) (0,0))
((448,1056) (575,1183) (0,0))
((320,1056) (447,1183) (0,0))
((192,1056) (319,1183) (0,0))
((64,1056) (191,1183) (0,0))
((608,1248) (735,1375) (0,0))
((480,1248) (607,1375) (0,0))
((928,1472) (1023,1599) (0,0))
((832,1472) (927,1599) (0,0))
((960,1696) (1087,1823) (0,0))
((832,1696) (959,1823) (0,0))
((1024,2144) (1119,2271) (0,0))
((1024,2016) (1119,2143) (0,0))
((1024,1888) (1119,2015) (0,0))
((928,2144) (1023,2271) (0,0))
((928,2016) (1023,2143) (0,0))
((928,1888) (1023,2015) (0,0))
((960,2464) (1087,2591) (0,0))
((960,2336) (1087,2463) (0,0))
((864,2464) (959,2591) (0,0))
((864,2336) (959,2463) (0,0))
((768,2464) (863,2591) (0,0))
((768,2336) (863,2463) (0,0))
((384,3424) (511,3551) (0,0))
((384,3296) (511,3423) (0,0))
((384,3168) (511,3295) (0,0))
((384,3040) (511,3167) (0,0))
((384,2912) (511,3039) (0,0))
((384,2784) (511,2911) (0,0))
((384,2656) (511,2783) (0,0))
((256,3424) (383,3551) (0,0))
((256,3296) (383,3423) (0,0))
((256,3168) (383,3295) (0,0))
((256,3040) (383,3167) (0,0))
((256,2912) (383,3039) (0,0))
((256,2784) (383,2911) (0,0))
((256,2656) (383,2783) (0,0))
((128,3424) (255,3551) (0,0))
((128,3296) (255,3423) (0,0))
((128,3168) (255,3295) (0,0))
((128,3040) (255,3167) (0,0))
((128,2912) (255,3039) (0,0))
((128,2784) (255,2911) (0,0))
((128,2656) (255,2783) (0,0))
((608,2912) (735,3039) (0,0))
((608,2784) (735,2911) (0,0))
((608,2656) (735,2783) (0,0))
)0.00034225574393432557
0.00034225574393432557
0.00034227100633737149
0.00034227100633737149
1
Level_4/SD_0_New_MF
((0,0) (2047,4095) (0,0))
(109 0
((0,928) (63,1055) (0,0))
((128,1184) (255,1215) (0,0))
((256,1184) (319,1279) (0,0))
((416,1184) (479,1247) (0,0))
((736,1216) (831,1311) (0,0))
((736,1312) (799,1407) (0,0))
((544,1376) (607,1471) (0,0))
((736,1408) (831,1471) (0,0))
((640,1472) (735,1535) (0,0))
((704,1536) (735,1599) (0,0))
((736,1600) (831,1695) (0,0))
((832,1824) (927,1887) (0,0))
((672,2272) (767,2335) (0,0))
((0,2592) (127,2655) (0,0))
((512,2592) (607,2655) (0,0))
((736,2592) (863,2719) (0,0))
((736,2720) (799,2783) (0,0))
((736,2784) (831,2879) (0,0))
((576,928) (703,1055) (0,0))
((448,928) (575,1055) (0,0))
((320,928) (447,1055) (0,0))
((192,928) (319,1055) (0,0))
((64,928) (191,1055) (0,0))
((320,1184) (415,1279) (0,0))
((608,1184) (735,1247) (0,0))
((480,1184) (607,1247) (0,0))
((800,1312) (927,1407) (0,0))
((608,1376) (735,1471) (0,0))
((928,1408) (1023,1471) (0,0))
((832,1408) (927,1471) (0,0))
((960,1600) (1087,1695) (0,0))
((832,1600) (959,1695) (0,0))
((1024,1824) (1119,1887) (0,0))
((928,1824) (1023,1887) (0,0))
((960,2272) (1087,2335) (0,0))
((864,2272) (959,2335) (0,0))
((768,2272) (863,2335) (0,0))
((384,2592) (511,2655) (0,0))
((256,2592) (383,2655) (0,0))
((128,2592) (255,2655) (0,0))
((608,2592) (735,2655) (0,0))
((864,2592) (991,2719) (0,0))
((800,2720) (895,2783) (0,0))
((0,1056) (63,1183) (0,0))
((416,1248) (479,1375) (0,0))
((736,1472) (831,1599) (0,0))
((736,1696) (831,1823) (0,0))
((832,2144) (927,2271) (0,0))
((832,2016) (927,2143) (0,0))
((832,1888) (927,2015) (0,0))
((672,2464) (767,2591) (0,0))
((672,2336) (767,2463) (0,0))
((0,3424) (127,3551) (0,0))
((0,3296) (127,3423) (0,0))
((0,3168) (127,3295) (0,0))
((0,3040) (127,3167) (0,0))
((0,2912) (127,3039) (0,0))
((0,2784) (127,2911) (0,0))
((0,2656) (127,2783) (0,0))
((512,2912) (607,3039) (0,0))
((512,2784) (607,2911) (0,0))
((512,2656) (607,2783) (0,0))
((576,1056) (703,1183) (0,0))
((448,1056) (575,1183) (0,0))
((320,1056) (447,1183) (0,0))
((192,1056) (319,1183) (0,0))
((64,1056) (191,1183) (0,0))
((608,1248) (735,1375) (0,0))
((480,1248) (607,1375) (0,0))
((928,1472) (1023,1599) (0,0))
((832,1472) (927,1599) (0,0))
((960,1696) (1087,1823) (0,0))
((832,1696) (959,1823) (0,0))
((1024,2144) (1119,2271) (0,0))
((1024,2016) (1119,2143) (0,0))
((1024,1888) (1119,2015) (0,0))
((928,2144) (1023,2271) (0,0))
((928,2016) (1023,2143) (0,0))
((928,1888) (1023,2015) (0,0))
((960,2464) (1087,2591) (0,0))
((960,2336) (1087,2463) (0,0))
((864,2464) (959,2591) (0,0))
((864,2336) (959,2463) (0,0))
((768,2464) (863,2591) (0,0))
((768,2336) (863,2463) (0,0))
((384,3424) (511,3551) (0,0))
((384,3296) (511,3423) (0,0))
((384,3168) (511,3295) (0,0))
((384,3040) (511,3167) (0,0))
((384,2912) (511,3039) (0,0))
((384,2784) (511,2911) (0,0))
((384,2656) (511,2783) (0,0))
((256,3424) (383,3551) (0,0))
((256,3296) (383,3423) (0,0))
((256,3168) (383,3295) (0,0))
((256,3040) (383,3167) (0,0))
((256,2912) (383,3039) (0,0))
((256,2784) (383,2911) (0,0))
((256,2656) (383,2783) (0,0))
((128,3424) (255,3551) (0,0))
((128,3296) (255,3423) (0,0))
((128,3168) (255,3295) (0,0))
((128,3040) (255,3167) (0,0))
((128,2912) (255,3039) (0,0))
((128,2784) (255,2911) (0,0))
((128,2656) (255,2783) (0,0))
((608,2912) (735,3039) (0,0))
((608,2784) (735,2911) (0,0))
((608,2656) (735,2783) (0,0))
)0.00034225574393432557
0.00034225574393432557
0.00034227100633737149
0.00034227100633737149
1
Level_4/SD_1_New_MF
((0,0) (2047,4095) (0,0))
(109 0
((0,928) (63,1055) (0,0))
((128,1184) (255,1215) (0,0))
((256,1184) (319,1279) (0,0))
((416,1184) (479,1247) (0,0))
((736,1216) (831,1311) (0,0))
((736,1312) (799,1407) (0,0))
((544,1376) (607,1471) (0,0))
((736,1408) (831,1471) (0,0))
((640,1472) (735,1535) (0,0))
((704,1536) (735,1599) (0,0))
((736,1600) (831,1695) (0,0))
((832,1824) (927,1887) (0,0))
((672,2272) (767,2335) (0,0))
((0,2592) (127,2655) (0,0))
((512,2592) (607,2655) (0,0))
((736,2592) (863,2719) (0,0))
((736,2720) (799,2783) (0,0))
((736,2784) (831,2879) (0,0))
((576,928) (703,1055) (0,0))
((448,928) (575,1055) (0,0))
((320,928) (447,1055) (0,0))
((192,928) (319,1055) (0,0))
((64,928) (191,1055) (0,0))
((320,1184) (415,1279) (0,0))
((608,1184) (735,1247) (0,0))
((480,1184) (607,1247) (0,0))
((800,1312) (927,1407) (0,0))
((608,1376) (735,1471) (0,0))
((928,1408) (1023,1471) (0,0))
((832,1408) (927,1471) (0,0))
((960,1600) (1087,1695) (0,0))
((832,1600) (959,1695) (0,0))
((1024,1824) (1119,1887) (0,0))
((928,1824) (1023,1887) (0,0))
((960,2272) (1087,2335) (0,0))
((864,2272) (959,2335) (0,0))
((768,2272) (863,2335) (0,0))
((384,2592) (511,2655) (0,0))
((256,2592) (383,2655) (0,0))
((128,2592) (255,2655) (0,0))
((608,2592) (735,2655) (0,0))
((864,2592) (991,2719) (0,0))
((800,2720) (895,2783) (0,0))
((0,1056) (63,1183) (0,0))
((416,1248) (479,1375) (0,0))
((736,1472) (831,1599) (0,0))
((736,1696) (831,1823) (0,0))
((832,2144) (927,2271) (0,0))
((832,2016) (927,2143) (0,0))
((832,1888) (927,2015) (0,0))
((672,2464) (767,2591) (0,0))
((672,2336) (767,2463) (0,0))
((0,3424) (127,3551) (0,0))
((0,3296) (127,3423) (0,0))
((0,3168) (127,3295) (0,0))
((0,3040) (127,3167) (0,0))
((0,2912) (127,3039) (0,0))
((0,2784) (127,2911) (0,0))
((0,2656) (127,2783) (0,0))
((512,2912) (607,3039) (0,0))
((512,2784) (607,2911) (0,0))
((512,2656) (607,2783) (0,0))
((576,1056) (703,1183) (0,0))
((448,1056) (575,1183) (0,0))
((320,1056) (447,1183) (0,0))
((192,1056) (319,1183) (0,0))
((64,1056) (191,1183) (0,0))
((608,1248) (735,1375) (0,0))
((480,1248) (607,1375) (0,0))
((928,1472) (1023,1599) (0,0))
((832,1472) (927,1599) (0,0))
((960,1696) (1087,1823) (0,0))
((832,1696) (959,1823) (0,0))
((1024,2144) (1119,2271) (0,0))
((1024,2016) (1119,2143) (0,0))
((1024,1888) (1119,2015) (0,0))
((928,2144) (1023,2271) (0,0))
((928,2016) (1023,2143) (0,0))
((928,1888) (1023,2015) (0,0))
((960,2464) (1087,2591) (0,0))
((960,2336) (1087,2463) (0,0))
((864,2464) (959,2591) (0,0))
((864,2336) (959,2463) (0,0))
((768,2464) (863,2591) (0,0))
((768,2336) (863,2463) (0,0))
((384,3424) (511,3551) (0,0))
((384,3296) (511,3423) (0,0))
((384,3168) (511,3295) (0,0))
((384,3040) (511,3167) (0,0))
((384,2912) (511,3039) (0,0))
((384,2784) (511,2911) (0,0))
((384,2656) (511,2783) (0,0))
((256,3424) (383,3551) (0,0))
((256,3296) (383,3423) (0,0))
((256,3168) (383,3295) (0,0))
((256,3040) (383,3167) (0,0))
((256,2912) (383,3039) (0,0))
((256,2784) (383,2911) (0,0))
((256,2656) (383,2783) (0,0))
((128,3424) (255,3551) (0,0))
((128,3296) (255,3423) (0,0))
((128,3168) (255,3295) (0,0))
((128,3040) (255,3167) (0,0))
((128,2912) (255,3039) (0,0))
((128,2784) (255,2911) (0,0))
((128,2656) (255,2783) (0,0))
((608,2912) (735,3039) (0,0))
((608,2784) (735,2911) (0,0))
((608,2656) (735,2783) (0,0))
)0.00034225574393432557
0.00034225574393432557
0.00034227100633737149
0.00034227100633737149
0
((0,0) (2047,4095) (0,0))
(109 0
((0,928) (63,1055) (0,0))
((128,1184) (255,1215) (0,0))
((256,1184) (319,1279) (0,0))
((416,1184) (479,1247) (0,0))
((736,1216) (831,1311) (0,0))
((736,1312) (799,1407) (0,0))
((544,1376) (607,1471) (0,0))
((736,1408) (831,1471) (0,0))
((640,1472) (735,1535) (0,0))
((704,1536) (735,1599) (0,0))
((736,1600) (831,1695) (0,0))
((832,1824) (927,1887) (0,0))
((672,2272) (767,2335) (0,0))
((0,2592) (127,2655) (0,0))
((512,2592) (607,2655) (0,0))
((736,2592) (863,2719) (0,0))
((736,2720) (799,2783) (0,0))
((736,2784) (831,2879) (0,0))
((576,928) (703,1055) (0,0))
((448,928) (575,1055) (0,0))
((320,928) (447,1055) (0,0))
((192,928) (319,1055) (0,0))
((64,928) (191,1055) (0,0))
((320,1184) (415,1279) (0,0))
((608,1184) (735,1247) (0,0))
((480,1184) (607,1247) (0,0))
((800,1312) (927,1407) (0,0))
((608,1376) (735,1471) (0,0))
((928,1408) (1023,1471) (0,0))
((832,1408) (927,1471) (0,0))
((960,1600) (1087,1695) (0,0))
((832,1600) (959,1695) (0,0))
((1024,1824) (1119,1887) (0,0))
((928,1824) (1023,1887) (0,0))
((960,2272) (1087,2335) (0,0))
((864,2272) (959,2335) (0,0))
((768,2272) (863,2335) (0,0))
((384,2592) (511,2655) (0,0))
((256,2592) (383,2655) (0,0))
((128,2592) (255,2655) (0,0))
((608,2592) (735,2655) (0,0))
((864,2592) (991,2719) (0,0))
((800,2720) (895,2783) (0,0))
((0,1056) (63,1183) (0,0))
((416,1248) (479,1375) (0,0))
((736,1472) (831,1599) (0,0))
((736,1696) (831,1823) (0,0))
((832,2144) (927,2271) (0,0))
((832,2016) (927,2143) (0,0))
((832,1888) (927,2015) (0,0))
((672,2464) (767,2591) (0,0))
((672,2336) (767,2463) (0,0))
((0,3424) (127,3551) (0,0))
((0,3296) (127,3423) (0,0))
((0,3168) (127,3295) (0,0))
((0,3040) (127,3167) (0,0))
((0,2912) (127,3039) (0,0))
((0,2784) (127,2911) (0,0))
((0,2656) (127,2783) (0,0))
((512,2912) (607,3039) (0,0))
((512,2784) (607,2911) (0,0))
((512,2656) (607,2783) (0,0))
((576,1056) (703,1183) (0,0))
((448,1056) (575,1183) (0,0))
((320,1056) (447,1183) (0,0))
((192,1056) (319,1183) (0,0))
((64,1056) (191,1183) (0,0))
((608,1248) (735,1375) (0,0))
((480,1248) (607,1375) (0,0))
((928,1472) (1023,1599) (0,0))
((832,1472) (927,1599) (0,0))
((960,1696) (1087,1823) (0,0))
((832,1696) (959,1823) (0,0))
((1024,2144) (1119,2271) (0,0))
((1024,2016) (1119,2143) (0,0))
((1024,1888) (1119,2015) (0,0))
((928,2144) (1023,2271) (0,0))
((928,2016) (1023,2143) (0,0))
((928,1888) (1023,2015) (0,0))
((960,2464) (1087,2591) (0,0))
((960,2336) (1087,2463) (0,0))
((864,2464) (959,2591) (0,0))
((864,2336) (959,2463) (0,0))
((768,2464) (863,2591) (0,0))
((768,2336) (863,2463) (0,0))
((384,3424) (511,3551) (0,0))
((384,3296) (511,3423) (0,0))
((384,3168) (511,3295) (0,0))
((384,3040) (511,3167) (0,0))
((384,2912) (511,3039) (0,0))
((384,2784) (511,2911) (0,0))
((384,2656) (511,2783) (0,0))
((256,3424) (383,3551) (0,0))
((256,3296) (383,3423) (0,0))
((256,3168) (383,3295) (0,0))
((256,3040) (383,3167) (0,0))
((256,2912) (383,3039) (0,0))
((256,2784) (383,2911) (0,0))
((256,2656) (383,2783) (0,0))
((128,3424) (255,3551) (0,0))
((128,3296) (255,3423) (0,0))
((128,3168) (255,3295) (0,0))
((128,3040) (255,3167) (0,0))
((128,2912) (255,3039) (0,0))
((128,2784) (255,2911) (0,0))
((128,2656) (255,2783) (0,0))
((608,2912) (735,3039) (0,0))
((608,2784) (735,2911) (0,0))
((608,2656) (735,2783) (0,0))
)0.00034225574393432557
0.00034225574393432557
0.00034227100633737149
0.00034227100633737149
1
Level_4/SD_3_New_MF
((0,0) (2047,4095) (0,0))
(109 0
((0,928) (63,1055) (0,0))
((128,1184) (255,1215) (0,0))
((256,1184) (319,1279) (0,0))
((416,1184) (479,1247) (0,0))
((736,1216) (831,1311) (0,0))
((736,1312) (799,1407) (0,0))
((544,1376) (607,1471) (0,0))
((736,1408) (831,1471) (0,0))
((640,1472) (735,1535) (0,0))
((704,1536) (735,1599) (0,0))
((736,1600) (831,1695) (0,0))
((832,1824) (927,1887) (0,0))
((672,2272) (767,2335) (0,0))
((0,2592) (127,2655) (0,0))
((512,2592) (607,2655) (0,0))
((736,2592) (863,2719) (0,0))
((736,2720) (799,2783) (0,0))
((736,2784) (831,2879) (0,0))
((576,928) (703,1055) (0,0))
((448,928) (575,1055) (0,0))
((320,928) (447,1055) (0,0))
((192,928) (319,1055) (0,0))
((64,928) (191,1055) (0,0))
((320,1184) (415,1279) (0,0))
((608,1184) (735,1247) (0,0))
((480,1184) (607,1247) (0,0))
((800,1312) (927,1407) (0,0))
((608,1376) (735,1471) (0,0))
((928,1408) (1023,1471) (0,0))
((832,1408) (927,1471) (0,0))
((960,1600) (1087,1695) (0,0))
((832,1600) (959,1695) (0,0))
((1024,1824) (1119,1887) (0,0))
((928,1824) (1023,1887) (0,0))
((960,2272) (1087,2335) (0,0))
((864,2272) (959,2335) (0,0))
((768,2272) (863,2335) (0,0))
((384,2592) (511,2655) (0,0))
((256,2592) (383,2655) (0,0))
((128,2592) (255,2655) (0,0))
((608,2592) (735,2655) (0,0))
((864,2592) (991,2719) (0,0))
((800,2720) (895,2783) (0,0))
((0,1056) (63,1183) (0,0))
((416,1248) (479,1375) (0,0))
((736,1472) (831,1599) (0,0))
((736,1696) (831,1823) (0,0))
((832,2144) (927,2271) (0,0))
((832,2016) (927,2143) (0,0))
((832,1888) (927,2015) (0,0))
((672,2464) (767,2591) (0,0))
((672,2336) (767,2463) (0,0))
((0,3424) (127,3551) (0,0))
((0,3296) (127,3423) (0,0))
((0,3168) (127,3295) (0,0))
((0,3040) (127,3167) (0,0))
((0,2912) (127,3039) (0,0))
((0,2784) (127,2911) (0,0))
((0,2656) (127,2783) (0,0))
((512,2912) (607,3039) (0,0))
((512,2784) (607,2911) (0,0))
((512,2656) (607,2783) (0,0))
((576,1056) (703,1183) (0,0))
((448,1056) (575,1183) (0,0))
((320,1056) (447,1183) (0,0))
((192,1056) (319,1183) (0,0))
((64,1056) (191,1183) (0,0))
((608,1248) (735,1375) (0,0))
((480,1248) (607,1375) (0,0))
((928,1472) (1023,1599) (0,0))
((832,1472) (927,1599) (0,0))
((960,1696) (1087,1823) (0,0))
((832,1696) (959,1823) (0,0))
((1024,2144) (1119,2271) (0,0))
((1024,2016) (1119,2143) (0,0))
((1024,1888) (1119,2015) (0,0))
((928,2144) (1023,2271) (0,0))
((928,2016) (1023,2143) (0,0))
((928,1888) (1023,2015) (0,0))
((960,2464) (1087,2591) (0,0))
((960,2336) (1087,2463) (0,0))
((864,2464) (959,2591) (0,0))
((864,2336) (959,2463) (0,0))
((768,2464) (863,2591) (0,0))
((768,2336) (863,2463) (0,0))
((384,3424) (511,3551) (0,0))
((384,3296) (511,3423) (0,0))
((384,3168) (511,3295) (0,0))
((384,3040) (511,3167) (0,0))
((384,2912) (511,3039) (0,0))
((384,2784) (511,2911) (0,0))
((384,2656) (511,2783) (0,0))
((256,3424) (383,3551) (0,0))
((256,3296) (383,3423) (0,0))
((256,3168) (383,3295) (0,0))
((256,3040) (383,3167) (0,0))
((256,2912) (383,3039) (0,0))
((256,2784) (383,2911) (0,0))
((256,2656) (383,2783) (0,0))
((128,3424) (255,3551) (0,0))
((128,3296) (255,3423) (0,0))
((128,3168) (255,3295) (0,0))
((128,3040) (255,3167) (0,0))
((128,2912) (255,3039) (0,0))
((128,2784) (255,2911) (0,0))
((128,2656) (255,2783) (0,0))
((608,2912) (735,3039) (0,0))
((608,2784) (735,2911) (0,0))
((608,2656) (735,2783) (0,0))
)0.00034225574393432557
0.00034225574393432557
0.00034227100633737149
0.00034227100633737149
1
Level_4/SD_4_New_MF
