1
1
13
0
(109 0
((0,928) (63,1055) (0,0))
((128,1184) (255,1215) (0,0))
((256,1184) (319,1279) (0,0))
((416,1184) (479,1247) (0,0))
((736,1216) (831,1311) (0,0))
((736,1312) (799,1407) (0,0))
((544,1376) (607,1471) (0,0))
((736,1408) (831,1471) (0,0))
((640,1472) (735,1535) (0,0))
((704,1536) (735,1599) (0,0))
((736,1600) (831,1695) (0,0))
((832,1824) (927,1887) (0,0))
((672,2272) (767,2335) (0,0))
((0,2592) (127,2655) (0,0))
((512,2592) (607,2655) (0,0))
((736,2592) (863,2719) (0,0))
((736,2720) (799,2783) (0,0))
((736,2784) (831,2879) (0,0))
((576,928) (703,1055) (0,0))
((448,928) (575,1055) (0,0))
((320,928) (447,1055) (0,0))
((192,928) (319,1055) (0,0))
((64,928) (191,1055) (0,0))
((320,1184) (415,1279) (0,0))
((608,1184) (735,1247) (0,0))
((480,1184) (607,1247) (0,0))
((800,1312) (927,1407) (0,0))
((608,1376) (735,1471) (0,0))
((928,1408) (1023,1471) (0,0))
((832,1408) (927,1471) (0,0))
((960,1600) (1087,1695) (0,0))
((832,1600) (959,1695) (0,0))
((1024,1824) (1119,1887) (0,0))
((928,1824) (1023,1887) (0,0))
((960,2272) (1087,2335) (0,0))
((864,2272) (959,2335) (0,0))
((768,2272) (863,2335) (0,0))
((384,2592) (511,2655) (0,0))
((256,2592) (383,2655) (0,0))
((128,2592) (255,2655) (0,0))
((608,2592) (735,2655) (0,0))
((864,2592) (991,2719) (0,0))
((800,2720) (895,2783) (0,0))
((0,1056) (63,1183) (0,0))
((416,1248) (479,1375) (0,0))
((736,1472) (831,1599) (0,0))
((736,1696) (831,1823) (0,0))
((832,2144) (927,2271) (0,0))
((832,2016) (927,2143) (0,0))
((832,1888) (927,2015) (0,0))
((672,2464) (767,2591) (0,0))
((672,2336) (767,2463) (0,0))
((0,3424) (127,3551) (0,0))
((0,3296) (127,3423) (0,0))
((0,3168) (127,3295) (0,0))
((0,3040) (127,3167) (0,0))
((0,2912) (127,3039) (0,0))
((0,2784) (127,2911) (0,0))
((0,2656) (127,2783) (0,0))
((512,2912) (607,3039) (0,0))
((512,2784) (607,2911) (0,0))
((512,2656) (607,2783) (0,0))
((576,1056) (703,1183) (0,0))
((448,1056) (575,1183) (0,0))
((320,1056) (447,1183) (0,0))
((192,1056) (319,1183) (0,0))
((64,1056) (191,1183) (0,0))
((608,1248) (735,1375) (0,0))
((480,1248) (607,1375) (0,0))
((928,1472) (1023,1599) (0,0))
((832,1472) (927,1599) (0,0))
((960,1696) (1087,1823) (0,0))
((832,1696) (959,1823) (0,0))
((1024,2144) (1119,2271) (0,0))
((1024,2016) (1119,2143) (0,0))
((1024,1888) (1119,2015) (0,0))
((928,2144) (1023,2271) (0,0))
((928,2016) (1023,2143) (0,0))
((928,1888) (1023,2015) (0,0))
((960,2464) (1087,2591) (0,0))
((960,2336) (1087,2463) (0,0))
((864,2464) (959,2591) (0,0))
((864,2336) (959,2463) (0,0))
((768,2464) (863,2591) (0,0))
((768,2336) (863,2463) (0,0))
((384,3424) (511,3551) (0,0))
((384,3296) (511,3423) (0,0))
((384,3168) (511,3295) (0,0))
((384,3040) (511,3167) (0,0))
((384,2912) (511,3039) (0,0))
((384,2784) (511,2911) (0,0))
((384,2656) (511,2783) (0,0))
((256,3424) (383,3551) (0,0))
((256,3296) (383,3423) (0,0))
((256,3168) (383,3295) (0,0))
((256,3040) (383,3167) (0,0))
((256,2912) (383,3039) (0,0))
((256,2784) (383,2911) (0,0))
((256,2656) (383,2783) (0,0))
((128,3424) (255,3551) (0,0))
((128,3296) (255,3423) (0,0))
((128,3168) (255,3295) (0,0))
((128,3040) (255,3167) (0,0))
((128,2912) (255,3039) (0,0))
((128,2784) (255,2911) (0,0))
((128,2656) (255,2783) (0,0))
((608,2912) (735,3039) (0,0))
((608,2784) (735,2911) (0,0))
((608,2656) (735,2783) (0,0))
)
109
FabOnDisk: SD_4_New_MF_D_00018 1704025
FabOnDisk: SD_4_New_MF_D_00058 639067
FabOnDisk: SD_4_New_MF_D_00056 3408236
FabOnDisk: SD_4_New_MF_D_00058 1065142
FabOnDisk: SD_4_New_MF_D_00028 1704027
FabOnDisk: SD_4_New_MF_D_00056 4686370
FabOnDisk: SD_4_New_MF_D_00056 4047303
FabOnDisk: SD_4_New_MF_D_00056 5325437
FabOnDisk: SD_4_New_MF_D_00056 5964504
FabOnDisk: SD_4_New_MF_D_00058 1917292
FabOnDisk: SD_4_New_MF_D_00055 0
FabOnDisk: SD_4_New_MF_D_00057 639067
FabOnDisk: SD_4_New_MF_D_00015 3408052
FabOnDisk: SD_4_New_MF_D_00043 1704027
FabOnDisk: SD_4_New_MF_D_00045 2982070
FabOnDisk: SD_4_New_MF_D_00017 0
FabOnDisk: SD_4_New_MF_D_00058 1491217
FabOnDisk: SD_4_New_MF_D_00006 1704027
FabOnDisk: SD_4_New_MF_D_00011 0
FabOnDisk: SD_4_New_MF_D_00020 0
FabOnDisk: SD_4_New_MF_D_00026 0
FabOnDisk: SD_4_New_MF_D_00007 0
FabOnDisk: SD_4_New_MF_D_00042 0
FabOnDisk: SD_4_New_MF_D_00021 1704028
FabOnDisk: SD_4_New_MF_D_00049 1704027
FabOnDisk: SD_4_New_MF_D_00047 6816107
FabOnDisk: SD_4_New_MF_D_00052 1278043
FabOnDisk: SD_4_New_MF_D_00036 0
FabOnDisk: SD_4_New_MF_D_00056 6603571
FabOnDisk: SD_4_New_MF_D_00057 0
FabOnDisk: SD_4_New_MF_D_00033 0
FabOnDisk: SD_4_New_MF_D_00014 1704027
FabOnDisk: SD_4_New_MF_D_00016 3408055
FabOnDisk: SD_4_New_MF_D_00001 1704025
FabOnDisk: SD_4_New_MF_D_00052 5112173
FabOnDisk: SD_4_New_MF_D_00040 1704027
FabOnDisk: SD_4_New_MF_D_00056 7242639
FabOnDisk: SD_4_New_MF_D_00056 1704118
FabOnDisk: SD_4_New_MF_D_00056 852059
FabOnDisk: SD_4_New_MF_D_00056 0
FabOnDisk: SD_4_New_MF_D_00056 2556177
FabOnDisk: SD_4_New_MF_D_00000 0
FabOnDisk: SD_4_New_MF_D_00058 0
FabOnDisk: SD_4_New_MF_D_00007 2982069
FabOnDisk: SD_4_New_MF_D_00041 2982070
FabOnDisk: SD_4_New_MF_D_00052 0
FabOnDisk: SD_4_New_MF_D_00045 1704027
FabOnDisk: SD_4_New_MF_D_00007 1704026
FabOnDisk: SD_4_New_MF_D_00053 0
FabOnDisk: SD_4_New_MF_D_00002 0
FabOnDisk: SD_4_New_MF_D_00041 1704027
FabOnDisk: SD_4_New_MF_D_00038 1704027
FabOnDisk: SD_4_New_MF_D_00001 0
FabOnDisk: SD_4_New_MF_D_00018 0
FabOnDisk: SD_4_New_MF_D_00029 0
FabOnDisk: SD_4_New_MF_D_00035 0
FabOnDisk: SD_4_New_MF_D_00044 0
FabOnDisk: SD_4_New_MF_D_00015 0
FabOnDisk: SD_4_New_MF_D_00019 0
FabOnDisk: SD_4_New_MF_D_00054 2556086
FabOnDisk: SD_4_New_MF_D_00026 1704026
FabOnDisk: SD_4_New_MF_D_00009 0
FabOnDisk: SD_4_New_MF_D_00013 0
FabOnDisk: SD_4_New_MF_D_00022 0
FabOnDisk: SD_4_New_MF_D_00047 3408053
FabOnDisk: SD_4_New_MF_D_00047 1704026
FabOnDisk: SD_4_New_MF_D_00047 0
FabOnDisk: SD_4_New_MF_D_00023 0
FabOnDisk: SD_4_New_MF_D_00012 0
FabOnDisk: SD_4_New_MF_D_00052 3834129
FabOnDisk: SD_4_New_MF_D_00052 2556086
FabOnDisk: SD_4_New_MF_D_00021 0
FabOnDisk: SD_4_New_MF_D_00006 0
FabOnDisk: SD_4_New_MF_D_00012 1704027
FabOnDisk: SD_4_New_MF_D_00053 3834132
FabOnDisk: SD_4_New_MF_D_00053 2556087
FabOnDisk: SD_4_New_MF_D_00010 0
FabOnDisk: SD_4_New_MF_D_00053 1278043
FabOnDisk: SD_4_New_MF_D_00031 0
FabOnDisk: SD_4_New_MF_D_00016 0
FabOnDisk: SD_4_New_MF_D_00048 0
FabOnDisk: SD_4_New_MF_D_00044 1704025
FabOnDisk: SD_4_New_MF_D_00054 0
FabOnDisk: SD_4_New_MF_D_00054 1278043
FabOnDisk: SD_4_New_MF_D_00025 0
FabOnDisk: SD_4_New_MF_D_00015 1704025
FabOnDisk: SD_4_New_MF_D_00005 0
FabOnDisk: SD_4_New_MF_D_00016 1704028
FabOnDisk: SD_4_New_MF_D_00024 0
FabOnDisk: SD_4_New_MF_D_00030 0
FabOnDisk: SD_4_New_MF_D_00049 0
FabOnDisk: SD_4_New_MF_D_00038 0
FabOnDisk: SD_4_New_MF_D_00040 0
FabOnDisk: SD_4_New_MF_D_00004 0
FabOnDisk: SD_4_New_MF_D_00051 0
FabOnDisk: SD_4_New_MF_D_00008 0
FabOnDisk: SD_4_New_MF_D_00034 0
FabOnDisk: SD_4_New_MF_D_00039 0
FabOnDisk: SD_4_New_MF_D_00043 0
FabOnDisk: SD_4_New_MF_D_00003 0
FabOnDisk: SD_4_New_MF_D_00047 5112080
FabOnDisk: SD_4_New_MF_D_00028 0
FabOnDisk: SD_4_New_MF_D_00037 0
FabOnDisk: SD_4_New_MF_D_00041 0
FabOnDisk: SD_4_New_MF_D_00045 0
FabOnDisk: SD_4_New_MF_D_00014 0
FabOnDisk: SD_4_New_MF_D_00027 0
FabOnDisk: SD_4_New_MF_D_00058 2130375
FabOnDisk: SD_4_New_MF_D_00050 0

109,13
-2.5561928018297432e-19,-8.0016582147446623e-07,-3.3873295135223146e-18,-2.2953437609282252e-38,-8.7157824588069634e-21,-2.9839468892066930e-37,-3.3873295135223146e-18,-2.2953437609282252e-38,-2.2953437609282252e-38,5.0130307738672446e-35,-2.2953437609282252e-38,0.0000000000000000e+00,0.0000000000000000e+00,
-4.5906875218564504e-38,-2.2731983564615517e-10,-2.9096938962707862e-08,-2.2953437609282252e-38,-2.2953437609282252e-38,-2.2953437609282252e-38,-3.3873295135223146e-18,-2.2953437609282252e-38,-2.2953437609282252e-38,-2.2953437609282252e-38,-2.2953437609282252e-38,0.0000000000000000e+00,0.0000000000000000e+00,
-3.2134812652995156e-37,-3.6371173703384827e-09,-2.9096938962707862e-08,-2.2953437609282252e-38,-2.2953437609282252e-38,-2.2953437609282252e-38,-3.3873295135223146e-18,-2.2953437609282252e-38,-2.2953437609282252e-38,-2.2953437609282252e-38,-2.2953437609282252e-38,0.0000000000000000e+00,0.0000000000000000e+00,
-8.1497718886141288e-19,-4.0881199242604547e-06,-2.9096938962707862e-08,-6.8860312827846762e-38,-2.7010652375382463e-20,-3.2134812652995156e-37,-3.3873295135223146e-18,-4.5906875218564504e-38,-2.2953437609282252e-38,-2.2953437609282252e-38,-6.8860312827846762e-38,0.0000000000000000e+00,0.0000000000000000e+00,
-9.1019794906396663e-24,-2.9096938962707862e-08,-3.3873295135223146e-18,-2.2953437609282252e-38,-1.1544755848392396e-23,-2.2953437609282252e-38,-3.3873295135223146e-18,-2.2953437609282252e-38,-2.2953437609282252e-38,9.0207009804479259e-36,-2.2953437609282252e-38,0.0000000000000000e+00,0.0000000000000000e+00,
-7.2260883558121579e-19,-3.8262474735960838e-06,2.9639133243320254e-16,-4.5906875218564504e-38,-4.9838940243690574e-20,-2.9839468892066930e-37,-3.3873295135223146e-18,-2.2953437609282252e-38,-2.2953437609282252e-38,2.5196906601213501e-32,-2.2953437609282252e-38,0.0000000000000000e+00,0.0000000000000000e+00,
-6.8860312827846762e-38,-4.5463967129231034e-10,-2.9096938962707862e-08,-2.2953437609282252e-38,-2.2953437609282252e-38,-2.2953437609282252e-38,-3.3873295135223146e-18,-2.2953437609282252e-38,-2.2953437609282252e-38,-2.2953437609282252e-38,-2.2953437609282252e-38,0.0000000000000000e+00,0.0000000000000000e+00,
-1.0823839238758367e-18,-4.0881199242604547e-06,-7.2742347406769655e-09,-6.8860312827846762e-38,-4.0917914527630598e-20,-2.9839468892066930e-37,-3.3873295135223146e-18,-6.8860312827846762e-38,-2.2953437609282252e-38,1.5063598146103405e-29,-6.8860312827846762e-38,0.0000000000000000e+00,0.0000000000000000e+00,
-2.9839468892066930e-37,-1.4548469481353931e-08,-2.9096938962707862e-08,-2.2953437609282252e-38,-2.2953437609282252e-38,-2.2953437609282252e-38,-3.3873295135223146e-18,-2.2953437609282252e-38,-2.2953437609282252e-38,-2.2953437609282252e-38,-2.2953437609282252e-38,0.0000000000000000e+00,0.0000000000000000e+00,
-4.5906875218564504e-38,-1.1365991782307759e-10,-2.9096938962707862e-08,-2.2953437609282252e-38,-2.2953437609282252e-38,-2.2953437609282252e-38,-3.3873295135223146e-18,-2.2953437609282252e-38,-2.2953437609282252e-38,-2.2953437609282252e-38,-2.2953437609282252e-38,0.0000000000000000e+00,0.0000000000000000e+00,
-2.7544125131138705e-37,-8.7290816888123592e-08,-2.9096938962707862e-08,-2.2953437609282252e-38,-2.2953437609282252e-38,-4.5906875218564504e-38,-3.3873295135223146e-18,-2.2953437609282252e-38,-2.2953437609282252e-38,-2.2953437609282252e-38,-2.2953437609282252e-38,0.0000000000000000e+00,0.0000000000000000e+00,
-9.6052209577578691e-27,-2.1386250137590281e-06,-2.9096938962707862e-08,-6.8860312827846762e-38,-2.2953437609282252e-38,-3.2134812652995156e-37,-3.3873295135223146e-18,-6.8860312827846762e-38,-6.8860312827846762e-38,-2.2953437609282252e-38,-6.8860312827846762e-38,0.0000000000000000e+00,0.0000000000000000e+00,
-3.2134812652995156e-37,-3.3873295135223146e-18,-2.9096938962707862e-08,-2.2953437609282252e-38,1.8362750087425802e-37,-2.2953437609282252e-38,-3.3873295135223146e-18,-2.2953437609282252e-38,-2.2953437609282252e-38,-2.2953437609282252e-38,-2.2953437609282252e-38,0.0000000000000000e+00,0.0000000000000000e+00,
-1.1476718804641127e-37,-3.3873295135223146e-18,-2.9096938962707862e-08,-2.2953437609282252e-38,1.2275498433444148e-34,-2.2953437609282252e-38,-3.3873295135223146e-18,-2.2953437609282252e-38,-2.2953437609282252e-38,-2.2953437609282252e-38,-2.2953437609282252e-38,0.0000000000000000e+00,0.0000000000000000e+00,
-1.6067406326497578e-37,-3.3873295135223146e-18,-2.9096938962707862e-08,-2.2953437609282252e-38,4.5906875218564504e-38,-2.2953437609282252e-38,-3.3873295135223146e-18,-2.2953437609282252e-38,-2.2953437609282252e-38,-2.2953437609282252e-38,-2.2953437609282252e-38,0.0000000000000000e+00,0.0000000000000000e+00,
-9.7266873840039269e-19,-4.0881199242604547e-06,-2.9096938962707862e-08,-6.8860312827846762e-38,-5.9011774421312456e-20,-2.9839468892066930e-37,-3.3873295135223146e-18,-6.8860312827846762e-38,-6.8860312827846762e-38,-2.2953437609282252e-38,-6.8860312827846762e-38,0.0000000000000000e+00,0.0000000000000000e+00,
-1.5541105619837848e-19,-3.9280867599655617e-07,2.9639133243320254e-16,-2.2953437609282252e-38,-3.5506593329407098e-21,-1.3772062565569352e-37,-3.3873295135223146e-18,-2.2953437609282252e-38,-2.2953437609282252e-38,2.5196906601213501e-32,-2.2953437609282252e-38,0.0000000000000000e+00,0.0000000000000000e+00,
-9.0898115356586063e-24,-2.9096938962707862e-08,-3.3873295135223146e-18,-2.2953437609282252e-38,-8.8145061310782830e-24,-2.2953437609282252e-38,-3.3873295135223146e-18,-2.2953437609282252e-38,-2.2953437609282252e-38,9.0207009804479259e-36,-2.2953437609282252e-38,0.0000000000000000e+00,0.0000000000000000e+00,
-2.2953437609282252e-38,-2.9096938962707862e-08,-3.3873295135223146e-18,-2.2953437609282252e-38,-2.2953437609282252e-38,-2.2953437609282252e-38,-3.3873295135223146e-18,-2.2953437609282252e-38,-2.2953437609282252e-38,-2.2953437609282252e-38,-2.2953437609282252e-38,0.0000000000000000e+00,0.0000000000000000e+00,
-6.4499159682083131e-36,-2.9096938962707862e-08,-3.3873295135223146e-18,-2.2953437609282252e-38,-2.2953437609282252e-38,-2.2953437609282252e-38,-3.3873295135223146e-18,-2.2953437609282252e-38,-2.2953437609282252e-38,1.1476718804641127e-37,-2.2953437609282252e-38,0.0000000000000000e+00,0.0000000000000000e+00,
-9.6835289099358480e-24,-2.9096938962707862e-08,-3.3873295135223146e-18,-2.2953437609282252e-38,-1.1663356462485936e-23,-2.2953437609282252e-38,-3.3873295135223146e-18,-2.2953437609282252e-38,-2.2953437609282252e-38,2.5478315746303302e-36,-2.2953437609282252e-38,0.0000000000000000e+00,0.0000000000000000e+00,
-9.4704615507331505e-21,-7.2742347406769658e-08,-3.3873295135223146e-18,-2.2953437609282252e-38,-6.5073000229086720e-22,-4.5906875218564504e-38,-3.3873295135223146e-18,-2.2953437609282252e-38,-2.2953437609282252e-38,1.3886829753615763e-35,-2.2953437609282252e-38,0.0000000000000000e+00,0.0000000000000000e+00,
-2.2525631350774103e-19,-5.8193877925415726e-07,-3.3873295135223146e-18,-2.2953437609282252e-38,-5.3474577290710075e-21,-2.2953437609282253e-37,-3.3873295135223146e-18,-2.2953437609282252e-38,-2.2953437609282252e-38,3.3879273911300604e-35,-2.2953437609282252e-38,0.0000000000000000e+00,0.0000000000000000e+00,
-3.0575063499202045e-26,-3.1861148164165109e-06,-2.9096938962707862e-08,-4.5906875218564504e-38,-2.2953437609282252e-38,-2.7544125131138705e-37,-3.3873295135223146e-18,-2.2953437609282252e-38,-2.2953437609282252e-38,-2.2953437609282252e-38,-2.2953437609282252e-38,0.0000000000000000e+00,0.0000000000000000e+00,
-1.4902202603372019e-20,-1.1638775585083145e-07,-3.3873295135223146e-18,-2.2953437609282252e-38,-7.5364228584719684e-22,-4.5906875218564504e-38,-3.3873295135223146e-18,-2.2953437609282252e-38,-2.2953437609282252e-38,3.5348293918294669e-35,-2.2953437609282252e-38,0.0000000000000000e+00,0.0000000000000000e+00,
-8.7745650785319698e-19,-4.1026683937418083e-06,-1.4548469481353931e-08,-6.8860312827846762e-38,-5.4573868945320821e-20,-2.9839468892066930e-37,-3.3873295135223146e-18,-4.5906875218564504e-38,-2.2953437609282252e-38,1.2879130690105567e-30,-6.8860312827846762e-38,0.0000000000000000e+00,0.0000000000000000e+00,
-7.6577333019221872e-22,-2.9096938962707862e-08,-3.3873295135223146e-18,-2.2953437609282252e-38,-1.4161197624864728e-22,-2.2953437609282252e-38,-3.3873295135223146e-18,-2.2953437609282252e-38,-2.2953437609282252e-38,6.5646831562547241e-36,-2.2953437609282252e-38,0.0000000000000000e+00,0.0000000000000000e+00,
-9.4636568009482856e-19,-4.0881199242604547e-06,-2.9096938962707862e-08,-6.8860312827846762e-38,-3.7723606638379023e-20,-3.2134812652995156e-37,-3.3873295135223146e-18,-6.8860312827846762e-38,-2.2953437609282252e-38,-2.2953437609282252e-38,-6.8860312827846762e-38,0.0000000000000000e+00,0.0000000000000000e+00,
-1.6756009454776045e-36,-2.9096938962707862e-08,-3.3873295135223146e-18,-2.2953437609282252e-38,-2.2953437609282252e-38,-2.2953437609282252e-38,-3.3873295135223146e-18,-2.2953437609282252e-38,-2.2953437609282252e-38,2.3412506361467898e-36,-2.2953437609282252e-38,0.0000000000000000e+00,0.0000000000000000e+00,
-4.6589570424648524e-21,-4.3645408444061796e-08,-3.3873295135223146e-18,-2.2953437609282252e-38,-2.6042437589479732e-22,-2.2953437609282252e-38,-3.3873295135223146e-18,-2.2953437609282252e-38,-2.2953437609282252e-38,4.3611531457636279e-35,-2.2953437609282252e-38,0.0000000000000000e+00,0.0000000000000000e+00,
-2.9040584473912186e-21,-2.9096938962707862e-08,-3.3873295135223146e-18,-2.2953437609282252e-38,-2.2331679745162142e-22,-2.2953437609282252e-38,-3.3873295135223146e-18,-2.2953437609282252e-38,-2.2953437609282252e-38,9.0207009804479259e-36,-2.2953437609282252e-38,0.0000000000000000e+00,0.0000000000000000e+00,
-8.9850116448986029e-19,-4.0881199242604547e-06,-2.9096938962707862e-08,-6.8860312827846762e-38,-4.9225992254000929e-20,-3.2134812652995156e-37,-3.3873295135223146e-18,-6.8860312827846762e-38,-6.8860312827846762e-38,-2.2953437609282252e-38,-6.8860312827846762e-38,0.0000000000000000e+00,0.0000000000000000e+00,
-1.8728444180256829e-22,-2.9096938962707862e-08,-3.3873295135223146e-18,-2.2953437609282252e-38,-1.5971106713559537e-23,-2.2953437609282252e-38,-3.3873295135223146e-18,-2.2953437609282252e-38,-2.2953437609282252e-38,2.8668843573993535e-35,-2.2953437609282252e-38,0.0000000000000000e+00,0.0000000000000000e+00,
-9.1515046684969013e-19,-4.0881199242604547e-06,3.3965875931821981e-11,-4.5906875218564504e-38,-4.0546005204435958e-20,-2.9839468892066930e-37,-3.3873295135223146e-18,-2.2953437609282252e-38,-2.2953437609282252e-38,6.5247120882041393e-29,-2.2953437609282252e-38,0.0000000000000000e+00,0.0000000000000000e+00,
-4.1620208732356147e-19,-1.8040102156878874e-06,-3.3873295135223146e-18,-4.5906875218564504e-38,-1.6042032380302112e-20,-2.9839468892066930e-37,-3.3873295135223146e-18,-2.2953437609282252e-38,-2.2953437609282252e-38,4.5654387404862400e-35,-2.2953437609282252e-38,0.0000000000000000e+00,0.0000000000000000e+00,
-1.0401935023565492e-18,-4.0881199242604547e-06,-2.9096938962707862e-08,-6.8860312827846762e-38,-3.9918118995634409e-20,-3.2134812652995156e-37,-3.3873295135223146e-18,-4.5906875218564504e-38,-2.2953437609282252e-38,-2.2953437609282252e-38,-6.8860312827846762e-38,0.0000000000000000e+00,0.0000000000000000e+00,
-1.3772062565569352e-37,-9.0927934258462068e-10,-2.9096938962707862e-08,-2.2953437609282252e-38,-2.2953437609282252e-38,-2.2953437609282252e-38,-3.3873295135223146e-18,-2.2953437609282252e-38,-2.2953437609282252e-38,-2.2953437609282252e-38,-2.2953437609282252e-38,0.0000000000000000e+00,0.0000000000000000e+00,
-3.2134812652995156e-37,-3.3873295135223146e-18,-2.9096938962707862e-08,-2.2953437609282252e-38,4.5906875218564507e-37,-2.2953437609282252e-38,-3.3873295135223146e-18,-2.2953437609282252e-38,-2.2953437609282252e-38,-2.2953437609282252e-38,-2.2953437609282252e-38,0.0000000000000000e+00,0.0000000000000000e+00,
-9.1813750437129009e-38,-3.3873295135223146e-18,-2.9096938962707862e-08,-2.2953437609282252e-38,5.3711044005720471e-36,-2.2953437609282252e-38,-3.3873295135223146e-18,-2.2953437609282252e-38,-2.2953437609282252e-38,-2.2953437609282252e-38,-2.2953437609282252e-38,0.0000000000000000e+00,0.0000000000000000e+00,
-9.1813750437129009e-38,-3.3873295135223146e-18,-2.9096938962707862e-08,-2.2953437609282252e-38,3.6105757359400984e-35,-2.2953437609282252e-38,-3.3873295135223146e-18,-2.2953437609282252e-38,-2.2953437609282252e-38,-2.2953437609282252e-38,-2.2953437609282252e-38,0.0000000000000000e+00,0.0000000000000000e+00,
-1.9322419907363775e-26,-2.1240765442776741e-06,-2.9096938962707862e-08,-6.8860312827846762e-38,-2.2953437609282252e-38,-2.7544125131138705e-37,-3.3873295135223146e-18,-6.8860312827846762e-38,-6.8860312827846762e-38,-2.2953437609282252e-38,-6.8860312827846762e-38,0.0000000000000000e+00,0.0000000000000000e+00,
-9.1597806428701291e-22,-2.9096938962707862e-08,-3.3873295135223146e-18,-2.2953437609282252e-38,-1.7418889015930251e-22,-2.2953437609282252e-38,-3.3873295135223146e-18,-2.2953437609282252e-38,-2.2953437609282252e-38,3.7184568927037252e-36,-2.2953437609282252e-38,0.0000000000000000e+00,0.0000000000000000e+00,
-6.4409381815254725e-24,-2.9096938962707862e-08,-3.3873295135223146e-18,-2.2953437609282252e-38,-6.0301438345224569e-24,-2.2953437609282252e-38,-3.3873295135223146e-18,-2.2953437609282252e-38,-2.2953437609282252e-38,1.6687149141948197e-35,-2.2953437609282252e-38,0.0000000000000000e+00,0.0000000000000000e+00,
-8.4315131250004232e-19,-4.1026683937418083e-06,-2.9096938962707862e-08,-6.8860312827846762e-38,-4.4562210917775247e-20,-2.9839468892066930e-37,-3.3873295135223146e-18,-6.8860312827846762e-38,-6.8860312827846762e-38,-2.2953437609282252e-38,-6.8860312827846762e-38,0.0000000000000000e+00,0.0000000000000000e+00,
-2.9839468892066930e-37,-1.4548469481353931e-08,-2.9096938962707862e-08,-2.2953437609282252e-38,-2.2953437609282252e-38,-2.2953437609282252e-38,-3.3873295135223146e-18,-2.2953437609282252e-38,-2.2953437609282252e-38,-2.2953437609282252e-38,-2.2953437609282252e-38,0.0000000000000000e+00,0.0000000000000000e+00,
-9.7301314333837665e-19,-4.0881199242604547e-06,-2.9096938962707862e-08,-6.8860312827846762e-38,-5.4377999527650831e-20,-2.9839468892066930e-37,-3.3873295135223146e-18,-6.8860312827846762e-38,-6.8860312827846762e-38,-2.2953437609282252e-38,-6.8860312827846762e-38,0.0000000000000000e+00,0.0000000000000000e+00,
-9.1813750437129009e-38,-2.2731983564615517e-10,-2.9096938962707862e-08,-2.2953437609282252e-38,-2.2953437609282252e-38,-2.2953437609282252e-38,-3.3873295135223146e-18,-2.2953437609282252e-38,-2.2953437609282252e-38,-2.2953437609282252e-38,-2.2953437609282252e-38,0.0000000000000000e+00,0.0000000000000000e+00,
-9.6052209577578691e-27,-2.1386250137590281e-06,-2.9096938962707862e-08,-6.8860312827846762e-38,-2.2953437609282252e-38,-3.2134812652995156e-37,-3.3873295135223146e-18,-6.8860312827846762e-38,-6.8860312827846762e-38,-2.2953437609282252e-38,-6.8860312827846762e-38,0.0000000000000000e+00,0.0000000000000000e+00,
-2.9839468892066930e-37,-1.4548469481353931e-08,-2.9096938962707862e-08,-2.2953437609282252e-38,-2.2953437609282252e-38,-2.2953437609282252e-38,-3.3873295135223146e-18,-2.2953437609282252e-38,-2.2953437609282252e-38,-2.2953437609282252e-38,-2.2953437609282252e-38,0.0000000000000000e+00,0.0000000000000000e+00,
-2.9839468892066930e-37,-2.9096938962707862e-08,-2.9096938962707862e-08,-2.2953437609282252e-38,-2.2953437609282252e-38,-2.2953437609282252e-38,-3.3873295135223146e-18,-2.2953437609282252e-38,-2.2953437609282252e-38,-2.2953437609282252e-38,-2.2953437609282252e-38,0.0000000000000000e+00,0.0000000000000000e+00,
-2.9839468892066930e-37,-1.4548469481353931e-08,-2.9096938962707862e-08,-2.2953437609282252e-38,-2.2953437609282252e-38,-2.2953437609282252e-38,-3.3873295135223146e-18,-2.2953437609282252e-38,-2.2953437609282252e-38,-2.2953437609282252e-38,-2.2953437609282252e-38,0.0000000000000000e+00,0.0000000000000000e+00,
-2.7544125131138705e-37,-3.3873295135223146e-18,-2.9096938962707862e-08,-2.2953437609282252e-38,2.2953437609282252e-38,-2.2953437609282252e-38,-3.3873295135223146e-18,-2.2953437609282252e-38,-2.2953437609282252e-38,-2.2953437609282252e-38,-2.2953437609282252e-38,0.0000000000000000e+00,0.0000000000000000e+00,
-2.2953437609282252e-38,-2.9096938962707862e-08,-3.3873295135223146e-18,-2.2953437609282252e-38,-2.2953437609282252e-38,-2.2953437609282252e-38,-3.3873295135223146e-18,-2.2953437609282252e-38,-2.2953437609282252e-38,-2.2953437609282252e-38,-2.2953437609282252e-38,0.0000000000000000e+00,0.0000000000000000e+00,
-2.2953437609282252e-38,-2.9096938962707862e-08,-3.3873295135223146e-18,-2.2953437609282252e-38,-2.2953437609282252e-38,-2.2953437609282252e-38,-3.3873295135223146e-18,-2.2953437609282252e-38,-2.2953437609282252e-38,-2.2953437609282252e-38,-2.2953437609282252e-38,0.0000000000000000e+00,0.0000000000000000e+00,
-3.2695372759087745e-18,-3.4506347975570983e-01,-3.3873295135223146e-18,-2.4869223909543859e-22,-2.3247642813007701e-19,-2.9839468892066930e-37,-3.3873295135223146e-18,-2.2953437609282252e-38,-2.2953437609282252e-38,5.7383594023205635e-37,-2.2953437609282252e-38,0.0000000000000000e+00,0.0000000000000000e+00,
-1.6510913376135578e-09,-1.4120816842689326e+01,-9.4618498287145740e-03,-3.2904812339890081e-19,-2.0455661172104081e-08,-1.3551709564520242e-34,-4.4532237555362466e-04,-1.6939039392241918e-20,-2.0738163931507120e-30,6.8165122916404538e-23,6.8860312827846762e-38,6.6186169829464570e+12,1.4007258194595379e+18,
-9.8640500781272428e-09,-6.3531073988581227e+02,-9.5021155141632255e+02,-3.0141335522550129e-18,-1.1649787481406249e-07,-2.5108857214544295e-30,-2.0592966248819579e+01,-1.3239669625093684e-19,-4.5204511619206461e-29,-2.2953437609282252e-38,-2.2953437609282252e-38,0.0000000000000000e+00,0.0000000000000000e+00,
-2.9839468892066930e-37,-3.3873295135223146e-18,-2.9096938962707862e-08,-2.2953437609282252e-38,1.6067406326497579e-36,-2.2953437609282252e-38,-3.3873295135223146e-18,-2.2953437609282252e-38,-2.2953437609282252e-38,-2.2953437609282252e-38,-2.2953437609282252e-38,0.0000000000000000e+00,0.0000000000000000e+00,
-3.2134812652995156e-37,-3.3873295135223146e-18,-2.9096938962707862e-08,-2.2953437609282252e-38,2.8003193883324349e-36,-2.2953437609282252e-38,-3.3873295135223146e-18,-2.2953437609282252e-38,-2.2953437609282252e-38,-2.2953437609282252e-38,-2.2953437609282252e-38,0.0000000000000000e+00,0.0000000000000000e+00,
-1.7318900899768467e-20,-1.4548469481353932e-07,-3.3873295135223146e-18,-2.2953437609282252e-38,-6.8050461374721338e-22,-6.8860312827846762e-38,-3.3873295135223146e-18,-2.2953437609282252e-38,-2.2953437609282252e-38,1.4575432881894230e-35,-2.2953437609282252e-38,0.0000000000000000e+00,0.0000000000000000e+00,
-1.0470648555366585e-18,-4.1026683937418083e-06,-2.9096938962707862e-08,-6.8860312827846762e-38,-4.8566060121512864e-20,-2.9839468892066930e-37,-3.3873295135223146e-18,-6.8860312827846762e-38,-2.2953437609282252e-38,-2.2953437609282252e-38,-6.8860312827846762e-38,0.0000000000000000e+00,0.0000000000000000e+00,
-1.1734719475944145e-26,-2.1240765442776741e-06,-2.9096938962707862e-08,-4.5906875218564504e-38,-2.2953437609282252e-38,-2.9839468892066930e-37,-3.3873295135223146e-18,-2.2953437609282252e-38,-2.2953437609282252e-38,-2.2953437609282252e-38,-2.2953437609282252e-38,0.0000000000000000e+00,0.0000000000000000e+00,
-1.3236014058228626e-23,-2.9096938962707862e-08,-3.3873295135223146e-18,-2.2953437609282252e-38,-1.0661837533949938e-23,-2.2953437609282252e-38,-3.3873295135223146e-18,-2.2953437609282252e-38,-2.2953437609282252e-38,1.4690200069940641e-36,-2.2953437609282252e-38,0.0000000000000000e+00,0.0000000000000000e+00,
-8.0678932341923492e-19,-3.9135382904842077e-06,-3.3873295135223146e-18,-4.5906875218564504e-38,-3.9035215947361042e-20,-2.9839468892066930e-37,-3.3873295135223146e-18,-2.2953437609282252e-38,-2.2953437609282252e-38,2.4766759180415552e-35,-2.2953437609282252e-38,0.0000000000000000e+00,0.0000000000000000e+00,
-9.1585895018341772e-19,-4.0881199242604547e-06,-2.9096938962707862e-08,-6.8860312827846762e-38,-5.7931351978677020e-20,-3.2134812652995156e-37,-3.3873295135223146e-18,-6.8860312827846762e-38,-2.2953437609282252e-38,-2.2953437609282252e-38,-6.8860312827846762e-38,0.0000000000000000e+00,0.0000000000000000e+00,
-9.3385795106370688e-19,-4.1026683937418083e-06,-2.9096938962707862e-08,-6.8860312827846762e-38,-4.7822848096856256e-20,-3.2134812652995156e-37,-3.3873295135223146e-18,-6.8860312827846762e-38,-6.8860312827846762e-38,-2.2953437609282252e-38,-6.8860312827846762e-38,0.0000000000000000e+00,0.0000000000000000e+00,
-8.8099342909473597e-19,-4.0881199242604547e-06,-2.9096938962707862e-08,-6.8860312827846762e-38,-5.9567139928127865e-20,-2.9839468892066930e-37,-3.3873295135223146e-18,-6.8860312827846762e-38,-6.8860312827846762e-38,-2.2953437609282252e-38,-6.8860312827846762e-38,0.0000000000000000e+00,0.0000000000000000e+00,
-1.0272802523371745e-18,-4.0881199242604547e-06,-2.9096938962707862e-08,-6.8860312827846762e-38,-7.3273019380314496e-20,-3.2134812652995156e-37,-3.3873295135223146e-18,-4.5906875218564504e-38,-2.2953437609282252e-38,-2.2953437609282252e-38,-6.8860312827846762e-38,0.0000000000000000e+00,0.0000000000000000e+00,
-9.3618136533702988e-19,-4.0881199242604547e-06,-2.9096938962707862e-08,-6.8860312827846762e-38,-3.9640635681148401e-20,-3.4430156413923378e-37,-3.3873295135223146e-18,-6.8860312827846762e-38,-6.8860312827846762e-38,-2.2953437609282252e-38,-6.8860312827846762e-38,0.0000000000000000e+00,0.0000000000000000e+00,
-1.8994830959795990e-22,-2.9096938962707862e-08,-3.3873295135223146e-18,-2.2953437609282252e-38,-1.0866201511329673e-22,-2.2953437609282252e-38,-3.3873295135223146e-18,-2.2953437609282252e-38,-2.2953437609282252e-38,9.6174903582892641e-36,-2.2953437609282252e-38,0.0000000000000000e+00,0.0000000000000000e+00,
-9.0956165169721663e-19,-4.0881199242604547e-06,3.5566959891984305e-17,-6.8860312827846762e-38,-4.3884300036537630e-20,-2.9839468892066930e-37,-3.3873295135223146e-18,-4.5906875218564504e-38,-2.2953437609282252e-38,7.2369893438306009e-33,-6.8860312827846762e-38,0.0000000000000000e+00,0.0000000000000000e+00,
-4.1620208732356147e-19,-1.8040102156878874e-06,-3.3873295135223146e-18,-4.5906875218564504e-38,-1.6042032380302112e-20,-2.9839468892066930e-37,-3.3873295135223146e-18,-2.2953437609282252e-38,-2.2953437609282252e-38,2.7544125131138702e-35,-2.2953437609282252e-38,0.0000000000000000e+00,0.0000000000000000e+00,
-1.0401935023565492e-18,-4.0881199242604547e-06,-2.9096938962707862e-08,-6.8860312827846762e-38,-4.0337093452550451e-20,-3.2134812652995156e-37,-3.3873295135223146e-18,-4.5906875218564504e-38,-2.2953437609282252e-38,-2.2953437609282252e-38,-6.8860312827846762e-38,0.0000000000000000e+00,0.0000000000000000e+00,
-5.0346350643021901e-22,-2.9096938962707862e-08,-3.3873295135223146e-18,-2.2953437609282252e-38,-2.1723012337630216e-22,-2.2953437609282252e-38,-3.3873295135223146e-18,-2.2953437609282252e-38,-2.2953437609282252e-38,2.8668843573993535e-35,-2.2953437609282252e-38,0.0000000000000000e+00,0.0000000000000000e+00,
-9.5594141204480587e-22,-2.9096938962707862e-08,-3.3873295135223146e-18,-2.2953437609282252e-38,-2.7074097939369083e-22,-2.2953437609282252e-38,-3.3873295135223146e-18,-2.2953437609282252e-38,-2.2953437609282252e-38,4.7261128037512158e-35,-2.2953437609282252e-38,0.0000000000000000e+00,0.0000000000000000e+00,
-7.3080527289857672e-22,-2.9096938962707862e-08,-3.3873295135223146e-18,-2.2953437609282252e-38,-2.7074097939369083e-22,-2.2953437609282252e-38,-3.3873295135223146e-18,-2.2953437609282252e-38,-2.2953437609282252e-38,3.8929030185342701e-35,-2.2953437609282252e-38,0.0000000000000000e+00,0.0000000000000000e+00,
-9.1515046684969013e-19,-4.1026683937418083e-06,-1.4548469481353931e-08,-6.8860312827846762e-38,-5.0602236297939703e-20,-2.9839468892066930e-37,-3.3873295135223146e-18,-4.5906875218564504e-38,-2.2953437609282252e-38,1.0332011819713005e-30,-6.8860312827846762e-38,0.0000000000000000e+00,0.0000000000000000e+00,
-9.3260392167519337e-19,-4.0881199242604547e-06,-1.4548469481353931e-08,-6.8860312827846762e-38,-5.7526756584981988e-20,-3.2134812652995156e-37,-3.3873295135223146e-18,-6.8860312827846762e-38,-6.8860312827846762e-38,5.4261926508343248e-35,-6.8860312827846762e-38,0.0000000000000000e+00,0.0000000000000000e+00,
-9.3260392167519337e-19,-4.1026683937418083e-06,-1.4548469481353931e-08,-6.8860312827846762e-38,-5.7526756584981988e-20,-3.2134812652995156e-37,-3.3873295135223146e-18,-6.8860312827846762e-38,-6.8860312827846762e-38,1.9900630407247714e-34,-6.8860312827846762e-38,0.0000000000000000e+00,0.0000000000000000e+00,
-2.3286954490615348e-24,-2.9096938962707862e-08,-3.3873295135223146e-18,-2.2953437609282252e-38,-5.2577681546159113e-27,-2.2953437609282252e-38,-3.3873295135223146e-18,-2.2953437609282252e-38,-2.2953437609282252e-38,1.4460665693847820e-36,-2.2953437609282252e-38,0.0000000000000000e+00,0.0000000000000000e+00,
-2.8636689342483811e-20,-1.7458163377624718e-07,-3.3873295135223146e-18,-2.2953437609282252e-38,-1.2889550667529668e-21,-6.8860312827846762e-38,-3.3873295135223146e-18,-2.2953437609282252e-38,-2.2953437609282252e-38,1.3909783191225046e-35,-2.2953437609282252e-38,0.0000000000000000e+00,0.0000000000000000e+00,
-8.2666186329555310e-19,-4.0881199242604547e-06,-3.3873295135223146e-18,-6.8860312827846762e-38,-4.0686082037767897e-20,-2.9839468892066930e-37,-3.3873295135223146e-18,-6.8860312827846762e-38,-2.2953437609282252e-38,3.9746172564233151e-34,-6.8860312827846762e-38,0.0000000000000000e+00,0.0000000000000000e+00,
-9.1265204205233299e-19,-4.1026683937418083e-06,-2.9096938962707862e-08,-6.8860312827846762e-38,-5.9242898216990090e-20,-3.2134812652995156e-37,-3.3873295135223146e-18,-6.8860312827846762e-38,-6.8860312827846762e-38,-2.2953437609282252e-38,-6.8860312827846762e-38,0.0000000000000000e+00,0.0000000000000000e+00,
-8.9028981582532495e-19,-4.0881199242604547e-06,-2.9096938962707862e-08,-9.1813750437129009e-38,-5.7985393121801453e-20,-3.4430156413923378e-37,-3.3873295135223146e-18,-6.8860312827846762e-38,-2.2953437609282252e-38,-2.2953437609282252e-38,-6.8860312827846762e-38,0.0000000000000000e+00,0.0000000000000000e+00,
-3.9360970923836816e-26,-3.1861148164165109e-06,-2.9096938962707862e-08,-4.5906875218564504e-38,-2.2953437609282252e-38,-2.9839468892066930e-37,-3.3873295135223146e-18,-2.2953437609282252e-38,-2.2953437609282252e-38,-2.2953437609282252e-38,-2.2953437609282252e-38,0.0000000000000000e+00,0.0000000000000000e+00,
-2.2953437609282252e-38,-2.9096938962707862e-08,-3.3873295135223146e-18,-2.2953437609282252e-38,-2.2953437609282252e-38,-2.2953437609282252e-38,-3.3873295135223146e-18,-2.2953437609282252e-38,-2.2953437609282252e-38,-2.2953437609282252e-38,-2.2953437609282252e-38,0.0000000000000000e+00,0.0000000000000000e+00,
-2.2953437609282252e-38,-2.9096938962707862e-08,-3.3873295135223146e-18,-2.2953437609282252e-38,-2.2953437609282252e-38,-2.2953437609282252e-38,-3.3873295135223146e-18,-2.2953437609282252e-38,-2.2953437609282252e-38,-2.2953437609282252e-38,-2.2953437609282252e-38,0.0000000000000000e+00,0.0000000000000000e+00,
-2.2953437609282252e-38,-2.9096938962707862e-08,-3.3873295135223146e-18,-2.2953437609282252e-38,-2.2953437609282252e-38,-2.2953437609282252e-38,-3.3873295135223146e-18,-2.2953437609282252e-38,-2.2953437609282252e-38,-2.2953437609282252e-38,-2.2953437609282252e-38,0.0000000000000000e+00,0.0000000000000000e+00,
-6.8362543478086860e-29,-2.9096938962707862e-08,-3.3873295135223146e-18,-2.2953437609282252e-38,-2.2953437609282252e-38,-2.2953437609282252e-38,-3.3873295135223146e-18,-2.2953437609282252e-38,-2.2953437609282252e-38,5.9678937784133861e-37,-2.2953437609282252e-38,0.0000000000000000e+00,0.0000000000000000e+00,
-8.4821989403529036e-19,-4.1463138021858707e-06,-3.3873295135223146e-18,-6.8860312827846762e-38,-5.2313290972413421e-20,-2.9839468892066930e-37,-3.3873295135223146e-18,-4.5906875218564504e-38,-2.2953437609282252e-38,5.7911523088219126e-35,-6.8860312827846762e-38,0.0000000000000000e+00,0.0000000000000000e+00,
-7.9206240921523398e-19,-4.0881199242604547e-06,-2.9096938962707862e-08,-6.8860312827846762e-38,-5.7888909175387709e-20,-2.9839468892066930e-37,-3.3873295135223146e-18,-6.8860312827846762e-38,-6.8860312827846762e-38,-2.2953437609282252e-38,-6.8860312827846762e-38,0.0000000000000000e+00,0.0000000000000000e+00,
-3.2134812652995156e-37,-1.1365991782307759e-10,-2.9096938962707862e-08,-2.2953437609282252e-38,-2.2953437609282252e-38,-2.2953437609282252e-38,-3.3873295135223146e-18,-2.2953437609282252e-38,-2.2953437609282252e-38,-2.2953437609282252e-38,-2.2953437609282252e-38,0.0000000000000000e+00,0.0000000000000000e+00,
-2.2953437609282252e-38,-2.9096938962707862e-08,-3.3873295135223146e-18,-2.2953437609282252e-38,-2.2953437609282252e-38,-2.2953437609282252e-38,-3.3873295135223146e-18,-2.2953437609282252e-38,-2.2953437609282252e-38,-2.2953437609282252e-38,-2.2953437609282252e-38,0.0000000000000000e+00,0.0000000000000000e+00,
-2.2953437609282252e-38,-2.9096938962707862e-08,-3.3873295135223146e-18,-2.2953437609282252e-38,-2.2953437609282252e-38,-2.2953437609282252e-38,-3.3873295135223146e-18,-2.2953437609282252e-38,-2.2953437609282252e-38,-2.2953437609282252e-38,-2.2953437609282252e-38,0.0000000000000000e+00,0.0000000000000000e+00,
-2.2953437609282252e-38,-2.9096938962707862e-08,-3.3873295135223146e-18,-2.2953437609282252e-38,-2.2953437609282252e-38,-2.2953437609282252e-38,-3.3873295135223146e-18,-2.2953437609282252e-38,-2.2953437609282252e-38,-2.2953437609282252e-38,-2.2953437609282252e-38,0.0000000000000000e+00,0.0000000000000000e+00,
-1.0482169826015643e-20,-8.7290816888123592e-08,-3.3873295135223146e-18,-2.2953437609282252e-38,-3.7169442602811582e-22,-4.5906875218564504e-38,-3.3873295135223146e-18,-2.2953437609282252e-38,-2.2953437609282252e-38,6.8171709699568292e-36,-2.2953437609282252e-38,0.0000000000000000e+00,0.0000000000000000e+00,
-1.9043693349513740e-18,-2.7176540991169145e-05,-2.9096938962707862e-08,-6.8860312827846762e-38,-2.0149761048965955e-19,-2.9839468892066930e-37,-3.3873295135223146e-18,-2.2953437609282252e-38,-2.2953437609282252e-38,-2.2953437609282252e-38,-2.2953437609282252e-38,0.0000000000000000e+00,0.0000000000000000e+00,
-2.9839468892066930e-37,-1.4548469481353932e-07,-2.9096938962707862e-08,-2.2953437609282252e-38,-2.2953437609282252e-38,-4.5906875218564504e-38,-3.3873295135223146e-18,-2.2953437609282252e-38,-2.2953437609282252e-38,-2.2953437609282252e-38,-2.2953437609282252e-38,0.0000000000000000e+00,0.0000000000000000e+00,
-3.2134812652995156e-37,-3.3873295135223146e-18,-2.9096938962707862e-08,-2.2953437609282252e-38,1.1476718804641127e-37,-2.2953437609282252e-38,-3.3873295135223146e-18,-2.2953437609282252e-38,-2.2953437609282252e-38,-2.2953437609282252e-38,-2.2953437609282252e-38,0.0000000000000000e+00,0.0000000000000000e+00,
-2.2953437609282252e-38,-2.9096938962707862e-08,-3.3873295135223146e-18,-2.2953437609282252e-38,-2.2953437609282252e-38,-2.2953437609282252e-38,-3.3873295135223146e-18,-2.2953437609282252e-38,-2.2953437609282252e-38,-2.2953437609282252e-38,-2.2953437609282252e-38,0.0000000000000000e+00,0.0000000000000000e+00,
-2.2953437609282252e-38,-2.9096938962707862e-08,-3.3873295135223146e-18,-2.2953437609282252e-38,-2.2953437609282252e-38,-2.2953437609282252e-38,-3.3873295135223146e-18,-2.2953437609282252e-38,-2.2953437609282252e-38,-2.2953437609282252e-38,-2.2953437609282252e-38,0.0000000000000000e+00,0.0000000000000000e+00,
-7.8492542951670574e-19,-6.4449719802397913e-06,-3.3873295135223146e-18,-4.5906875218564504e-38,-4.6023014823151483e-21,-2.9839468892066930e-37,-3.3873295135223146e-18,-2.2953437609282252e-38,-2.2953437609282252e-38,2.2953437609282252e-38,-2.2953437609282252e-38,0.0000000000000000e+00,0.0000000000000000e+00,
-2.7673903218513514e-17,-1.2579281573432441e+01,-3.3873295135223146e-18,-1.0288079747752956e-20,-1.7602679216483612e-17,-4.4001739896994077e-35,-3.3873295135223146e-18,-2.2953437609282252e-38,-2.6151742933865138e-29,8.8072340106816001e-35,-2.2953437609282252e-38,0.0000000000000000e+00,0.0000000000000000e+00,
-6.2325299011514961e-17,-2.4855798440121099e+01,-2.9096938962707862e-08,-1.5885562753869662e-20,-3.3150571459498058e-17,-2.5893772967031310e-34,-3.3873295135223146e-18,-6.8860312827846762e-38,-1.5641058346910905e-28,-2.2953437609282252e-38,-6.8860312827846762e-38,0.0000000000000000e+00,0.0000000000000000e+00,
-2.9839468892066930e-37,-2.2731983564615517e-10,-2.9096938962707862e-08,-2.2953437609282252e-38,2.2953437609282252e-38,-2.2953437609282252e-38,-3.3873295135223146e-18,-2.2953437609282252e-38,-2.2953437609282252e-38,-2.2953437609282252e-38,-2.2953437609282252e-38,0.0000000000000000e+00,0.0000000000000000e+00,
-3.2134812652995156e-37,-3.3873295135223146e-18,-2.9096938962707862e-08,-2.2953437609282252e-38,7.8041687871559659e-37,-2.2953437609282252e-38,-3.3873295135223146e-18,-2.2953437609282252e-38,-2.2953437609282252e-38,-2.2953437609282252e-38,-2.2953437609282252e-38,0.0000000000000000e+00,0.0000000000000000e+00,
-2.4628546251725356e-28,-2.9096938962707862e-08,-3.3873295135223146e-18,-2.2953437609282252e-38,-2.2953437609282252e-38,-2.2953437609282252e-38,-3.3873295135223146e-18,-2.2953437609282252e-38,-2.2953437609282252e-38,4.5906875218564507e-37,-2.2953437609282252e-38,0.0000000000000000e+00,0.0000000000000000e+00,
-9.8023009354105613e-19,-4.1026683937418083e-06,-3.3873295135223146e-18,-4.5906875218564504e-38,-5.2349651911365131e-20,-2.9839468892066930e-37,-3.3873295135223146e-18,-2.2953437609282252e-38,-2.2953437609282252e-38,3.5325340480685388e-35,-2.2953437609282252e-38,0.0000000000000000e+00,0.0000000000000000e+00,
-9.7490988904275035e-19,-4.0881199242604547e-06,-2.9096938962707862e-08,-6.8860312827846762e-38,-5.3847596990424089e-20,-3.2134812652995156e-37,-3.3873295135223146e-18,-6.8860312827846762e-38,-6.8860312827846762e-38,-2.2953437609282252e-38,-6.8860312827846762e-38,0.0000000000000000e+00,0.0000000000000000e+00,

109,13
2.4508131912285773e-19,2.9096938962707862e-08,7.8690314387767797e-07,4.5906875218564504e-38,1.2485136953960808e-20,4.5906875218564504e-38,5.0809942702834723e-18,4.5906875218564504e-38,4.3611531457636281e-37,2.5616657563668877e-25,4.5906875218564504e-38,4.6126419141465765e+11,4.7142044360570118e+17,
2.2953437609282252e-38,2.2731983564615517e-10,2.9096938962707862e-08,2.2953437609282252e-38,1.1476718804641127e-37,2.2953437609282252e-38,3.3873295135223146e-18,2.2953437609282252e-38,2.2953437609282252e-38,2.2953437609282252e-38,2.2953437609282252e-38,0.0000000000000000e+00,0.0000000000000000e+00,
4.5906875218564504e-38,3.6371173703384827e-09,2.9096938962707862e-08,2.2953437609282252e-38,5.9225607391350533e-33,2.2953437609282252e-38,3.3873295135223146e-18,2.2953437609282252e-38,2.2953437609282252e-38,2.2953437609282252e-38,2.2953437609282252e-38,0.0000000000000000e+00,0.0000000000000000e+00,
8.6879549046087942e-19,2.9096938962707862e-08,4.0622054629967930e-06,6.8860312827846762e-38,5.2438186901431003e-20,6.8860312827846762e-38,1.7875432392966228e-11,9.1813750437129009e-38,2.5478315746303302e-36,1.1160400973513294e-24,6.8860312827846762e-38,2.3765589134932476e+12,3.0355460536009405e+18,
1.0696371800048132e-23,2.9096938962707862e-08,1.3631409307383569e-10,2.2953437609282252e-38,1.0025099371561123e-23,2.2953437609282252e-38,3.3873295135223146e-18,2.2953437609282252e-38,2.2953437609282252e-38,1.8545064670031560e-28,2.2953437609282252e-38,0.0000000000000000e+00,0.0000000000000000e+00,
9.6974873317888570e-19,2.9096938962707862e-08,3.8259633238015264e-06,4.5906875218564504e-38,6.9152653591520946e-20,4.5906875218564504e-38,1.1729119603350476e-12,6.8860312827846762e-38,2.4789712618024835e-36,1.0969801798136212e-24,4.5906875218564504e-38,2.2381796560688501e+12,2.6369900325903683e+18,
2.2953437609282252e-38,4.5463967129231034e-10,2.9096938962707862e-08,2.2953437609282252e-38,4.8202218979492732e-37,2.2953437609282252e-38,3.3873295135223146e-18,2.2953437609282252e-38,2.2953437609282252e-38,2.2953437609282252e-38,2.2953437609282252e-38,0.0000000000000000e+00,0.0000000000000000e+00,
8.6626976373963940e-19,2.9096938962707862e-08,4.0622054629967930e-06,4.5906875218564504e-38,4.4569233713907529e-20,6.8860312827846762e-38,1.7875449329613797e-11,6.8860312827846762e-38,2.5248781370210478e-36,1.1160395953519366e-24,4.5906875218564504e-38,2.3765589134932476e+12,3.0357244356704404e+18,
6.8860312827846762e-38,1.4548469481353931e-08,2.9096938962707862e-08,2.2953437609282252e-38,5.9549498253791970e-29,2.2953437609282252e-38,9.5725932052140620e-15,2.2953437609282252e-38,2.2953437609282252e-38,1.9309054443690572e-30,2.2953437609282252e-38,0.0000000000000000e+00,0.0000000000000000e+00,
2.2953437609282252e-38,1.1365991782307759e-10,2.9096938962707862e-08,2.2953437609282252e-38,1.6067406326497578e-37,2.2953437609282252e-38,3.3873295135223146e-18,2.2953437609282252e-38,2.2953437609282252e-38,2.2953437609282252e-38,2.2953437609282252e-38,0.0000000000000000e+00,0.0000000000000000e+00,
9.1813750437129009e-38,2.9096938962707862e-08,1.0911352111015448e-07,4.5906875218564504e-38,5.7324101956243108e-28,4.5906875218564504e-38,7.8428601637929189e-12,4.5906875218564504e-38,4.5906875218564504e-38,3.9992968362074350e-26,4.5906875218564504e-38,6.1851334757874550e+10,9.7655452365621856e+16,
7.8725732135880317e-27,2.9096938962707862e-08,2.1540827625829664e-06,4.5906875218564504e-38,7.0257404296986901e-28,4.5906875218564504e-38,1.7875447635949040e-11,4.5906875218564504e-38,1.0329046924177013e-36,5.7007982488219954e-25,4.5906875218564504e-38,1.2590415770204634e+12,1.8046892746439706e+18,
4.5906875218564504e-38,3.3873295135223146e-18,2.9096938962707862e-08,2.2953437609282252e-38,7.2073794093146270e-36,2.2953437609282252e-38,3.3873295135223146e-18,2.2953437609282252e-38,2.2953437609282252e-38,2.2953437609282252e-38,2.2953437609282252e-38,0.0000000000000000e+00,0.0000000000000000e+00,
4.5906875218564504e-38,3.3873295135223146e-18,2.9096938962707862e-08,2.2953437609282252e-38,1.3258135097497523e-33,2.2953437609282252e-38,3.3873295135223146e-18,2.2953437609282252e-38,2.2953437609282252e-38,2.2953437609282252e-38,2.2953437609282252e-38,0.0000000000000000e+00,0.0000000000000000e+00,
2.2953437609282252e-38,3.3873295135223146e-18,2.9096938962707862e-08,2.2953437609282252e-38,2.0658093848354027e-36,2.2953437609282252e-38,3.3873295135223146e-18,2.2953437609282252e-38,2.2953437609282252e-38,2.2953437609282252e-38,2.2953437609282252e-38,0.0000000000000000e+00,0.0000000000000000e+00,
8.8160242509033536e-19,2.9096938962707862e-08,4.0623191229146158e-06,4.5906875218564504e-38,5.9354335756591488e-20,6.8860312827846762e-38,1.7875445942284282e-11,6.8860312827846762e-38,2.5248781370210478e-36,1.1160401604369247e-24,4.5906875218564504e-38,2.3765589134932476e+12,3.0358427059859763e+18,
7.2782044610661774e-20,2.9096938962707862e-08,3.9379219350931080e-07,2.2953437609282252e-38,2.8323571653433732e-21,2.2953437609282252e-38,3.3873295135223146e-18,2.2953437609282252e-38,1.8362750087425802e-37,1.3618175431808116e-25,2.2953437609282252e-38,2.2958376799956824e+11,2.2496413273348096e+17,
2.1200159999931766e-23,2.9096938962707862e-08,1.3631409815482995e-10,2.2953437609282252e-38,5.7723807676055237e-24,2.2953437609282252e-38,3.3873295135223146e-18,2.2953437609282252e-38,2.2953437609282252e-38,1.8545065000561061e-28,2.2953437609282252e-38,0.0000000000000000e+00,0.0000000000000000e+00,
2.2953437609282252e-38,2.9096938962707862e-08,3.3873295135223146e-18,2.2953437609282252e-38,2.2953437609282252e-38,2.2953437609282252e-38,3.3873295135223146e-18,2.2953437609282252e-38,2.2953437609282252e-38,2.3802714800825697e-35,2.2953437609282252e-38,0.0000000000000000e+00,0.0000000000000000e+00,
9.1813750437129009e-38,2.9096938962707862e-08,1.0670087967595292e-16,2.2953437609282252e-38,2.2953437609282252e-38,2.2953437609282252e-38,3.3873295135223146e-18,2.2953437609282252e-38,2.2953437609282252e-38,1.3001561571900965e-32,2.2953437609282252e-38,0.0000000000000000e+00,0.0000000000000000e+00,
8.5944598599628634e-24,2.9096938962707862e-08,9.9690094989514921e-11,2.2953437609282252e-38,8.1003617794148427e-24,2.2953437609282252e-38,3.3873295135223146e-18,2.2953437609282252e-38,2.2953437609282252e-38,1.4623172421545801e-28,2.2953437609282252e-38,0.0000000000000000e+00,0.0000000000000000e+00,
9.5846185284123261e-21,2.9096938962707862e-08,4.7382181683812387e-08,4.5906875218564504e-38,6.6547232301710002e-22,4.5906875218564504e-38,5.0809942702834723e-18,4.5906875218564504e-38,4.5906875218564504e-38,2.1029162328534497e-26,4.5906875218564504e-38,2.8304848109535812e+10,2.4543559205865792e+16,
2.2074064222757563e-19,2.9096938962707862e-08,5.8533942100654099e-07,4.5906875218564504e-38,8.6839741039205610e-21,4.5906875218564504e-38,5.0809942702834723e-18,4.5906875218564504e-38,2.9839468892066930e-37,1.9527460523805070e-25,4.5906875218564504e-38,3.4280316043771149e+11,3.4405607930422541e+17,
2.4906702345774461e-26,1.4548469481353931e-08,3.1902065734581419e-06,4.5906875218564504e-38,1.2544689664537108e-27,4.5906875218564504e-38,1.7875435780295743e-11,6.8860312827846762e-38,1.6526475078683222e-36,8.3580859400697711e-25,4.5906875218564504e-38,1.8660233198138423e+12,2.5737997987440148e+18,
3.1263125017010570e-20,2.9096938962707862e-08,1.1422348997382800e-07,2.2953437609282252e-38,1.5311573818303251e-21,2.2953437609282252e-38,3.3873295135223146e-18,2.2953437609282252e-38,6.8860312827846762e-38,4.5186204281839090e-26,2.2953437609282252e-38,6.7092973296677475e+10,6.1139132368438176e+16,
9.8220475722463185e-19,2.9096938962707862e-08,4.0623191229146158e-06,4.5906875218564504e-38,6.9151951811110965e-20,6.8860312827846762e-38,1.7875422230977689e-11,6.8860312827846762e-38,2.5478315746303302e-36,1.1160396832933502e-24,4.5906875218564504e-38,2.3765589134932476e+12,3.0359243985472251e+18,
7.5439108538540520e-22,2.9096938962707862e-08,3.8805270347231875e-09,2.2953437609282252e-38,2.7222338895217039e-22,2.2953437609282252e-38,3.3873295135223146e-18,2.2953437609282252e-38,2.2953437609282252e-38,2.5898159872097795e-27,2.2953437609282252e-38,3.1449831232817569e+09,2.3726264966517175e+15,
9.4440032288180731e-19,2.9096938962707862e-08,4.0622054629967930e-06,6.8860312827846762e-38,6.1259782525702631e-20,6.8860312827846762e-38,1.7875429005636714e-11,6.8860312827846762e-38,2.5248781370210478e-36,1.1160398677787588e-24,6.8860312827846762e-38,2.3765589134932476e+12,3.0355367087420964e+18,
6.8860312827846762e-38,2.9096938962707862e-08,2.2017641837895047e-17,2.2953437609282252e-38,2.2953437609282252e-38,2.2953437609282252e-38,3.3873295135223146e-18,2.2953437609282252e-38,2.2953437609282252e-38,5.1465968273156577e-33,2.2953437609282252e-38,0.0000000000000000e+00,0.0000000000000000e+00,
4.5699038997455067e-21,2.9096938962707862e-08,3.6159677946927567e-08,4.5906875218564504e-38,3.2379737973186551e-22,4.5906875218564504e-38,5.0809942702834723e-18,4.5906875218564504e-38,4.5906875218564504e-38,1.6677109695608296e-26,4.5906875218564504e-38,2.0966554155211712e+10,1.7910744212269682e+16,
8.6656018582227717e-22,2.9096938962707862e-08,5.6999754002954906e-09,2.2953437609282252e-38,2.1242903221460689e-22,2.2953437609282252e-38,3.3873295135223146e-18,2.2953437609282252e-38,2.2953437609282252e-38,3.5467531318614030e-27,2.2953437609282252e-38,3.1449831232817569e+09,2.4345536769650360e+15,
9.4476000555995199e-19,2.9096938962707862e-08,4.0624327828324394e-06,4.5906875218564504e-38,6.9778503701516904e-20,6.8860312827846762e-38,1.7875432392966228e-11,6.8860312827846762e-38,2.5478315746303302e-36,1.1160400166668746e-24,4.5906875218564504e-38,2.3765589134932476e+12,3.0356690455440568e+18,
2.3014727945733782e-23,4.3645408444061796e-08,3.6780584335108854e-10,4.5906875218564504e-38,3.9654977438849570e-23,4.5906875218564504e-38,5.0809942702834723e-18,4.5906875218564504e-38,4.5906875218564504e-38,3.9783263464771989e-28,4.5906875218564504e-38,1.0483277077605855e+09,7.0412854397673438e+14,
9.7298333944750884e-19,2.9096938962707862e-08,4.0622054629967930e-06,4.5906875218564504e-38,5.4871067430828328e-20,6.8860312827846762e-38,1.7875359565381687e-11,6.8860312827846762e-38,2.5248781370210478e-36,1.1160381102432225e-24,4.5906875218564504e-38,2.3765589134932476e+12,3.0357244493038013e+18,
5.0865387626525559e-19,2.9096938962707862e-08,1.8134939504193558e-06,4.5906875218564504e-38,2.3299737908405986e-20,4.5906875218564504e-38,5.0809942702834723e-18,4.5906875218564504e-38,1.1017650052455482e-36,5.5718428040113301e-25,4.5906875218564504e-38,1.0609076402537126e+12,1.1425247807486363e+18,
8.8972540859918766e-19,2.9096938962707862e-08,4.0622054629967930e-06,4.5906875218564504e-38,5.6721119379112918e-20,6.8860312827846762e-38,1.7875429005636714e-11,6.8860312827846762e-38,2.5248781370210478e-36,1.1160393244293908e-24,4.5906875218564504e-38,2.3765589134932476e+12,3.0356488438991647e+18,
2.2953437609282252e-38,9.0927934258462068e-10,2.9096938962707862e-08,2.2953437609282252e-38,1.7903681335240156e-36,2.2953437609282252e-38,3.3873295135223146e-18,2.2953437609282252e-38,2.2953437609282252e-38,2.2953437609282252e-38,2.2953437609282252e-38,0.0000000000000000e+00,0.0000000000000000e+00,
4.5906875218564504e-38,3.3873295135223146e-18,2.9096938962707862e-08,2.2953437609282252e-38,2.8370448885072864e-35,2.2953437609282252e-38,3.3873295135223146e-18,2.2953437609282252e-38,2.2953437609282252e-38,2.2953437609282252e-38,2.2953437609282252e-38,0.0000000000000000e+00,0.0000000000000000e+00,
4.5906875218564504e-38,3.3873295135223146e-18,2.9096938962707862e-08,2.2953437609282252e-38,2.2230404324589862e-34,2.2953437609282252e-38,3.3873295135223146e-18,2.2953437609282252e-38,2.2953437609282252e-38,2.2953437609282252e-38,2.2953437609282252e-38,0.0000000000000000e+00,0.0000000000000000e+00,
4.5906875218564504e-38,3.3873295135223146e-18,2.9096938962707862e-08,2.2953437609282252e-38,8.3646917335746382e-34,2.2953437609282252e-38,3.3873295135223146e-18,2.2953437609282252e-38,2.2953437609282252e-38,2.2953437609282252e-38,2.2953437609282252e-38,0.0000000000000000e+00,0.0000000000000000e+00,
3.0724377290353455e-27,2.9096938962707862e-08,2.1249858236202584e-06,4.5906875218564504e-38,6.2467316146935001e-28,4.5906875218564504e-38,1.7874881951920281e-11,4.5906875218564504e-38,1.0099512548084192e-36,5.6312673258636217e-25,4.5906875218564504e-38,1.2422683336962939e+12,1.7823051355645512e+18,
1.2612795540819785e-21,4.3645408444061796e-08,7.4428313576505662e-09,4.5906875218564504e-38,2.4167878257054158e-22,4.5906875218564504e-38,5.0809942702834723e-18,4.5906875218564504e-38,4.5906875218564504e-38,4.4182253954570174e-27,4.5906875218564504e-38,4.1933108310423422e+09,3.2747138280084320e+15,
7.1589580421717774e-24,2.9096938962707862e-08,5.5912060359964521e-11,2.2953437609282252e-38,2.1675687364500584e-24,2.2953437609282252e-38,3.3873295135223146e-18,2.2953437609282252e-38,2.2953437609282252e-38,9.4608494504326465e-29,2.2953437609282252e-38,0.0000000000000000e+00,0.0000000000000000e+00,
9.3908945994180154e-19,2.9096938962707862e-08,4.0623191229146158e-06,6.8860312827846762e-38,4.8603387244094092e-20,6.8860312827846762e-38,1.7875452716943311e-11,9.1813750437129009e-38,2.5248781370210478e-36,1.1160392045867385e-24,6.8860312827846762e-38,2.3765589134932476e+12,3.0357318050840407e+18,
6.8860312827846762e-38,1.4548469481353931e-08,2.9096938962707862e-08,2.2953437609282252e-38,2.8455014008773293e-29,2.2953437609282252e-38,1.2685549028141068e-15,2.2953437609282252e-38,2.2953437609282252e-38,1.2643040353162780e-31,2.2953437609282252e-38,0.0000000000000000e+00,0.0000000000000000e+00,
9.3204790098383778e-19,2.9096938962707862e-08,4.0623191229146158e-06,4.5906875218564504e-38,5.1241570128874481e-20,6.8860312827846762e-38,1.7875435780295743e-11,6.8860312827846762e-38,2.5248781370210478e-36,1.1160401600667315e-24,4.5906875218564504e-38,2.3765589134932476e+12,3.0359243987504614e+18,
2.2953437609282252e-38,4.5463967129231034e-10,2.9096938962707862e-08,2.2953437609282252e-38,1.0329046924177013e-36,2.2953437609282252e-38,3.3873295135223146e-18,2.2953437609282252e-38,2.2953437609282252e-38,2.2953437609282252e-38,2.2953437609282252e-38,0.0000000000000000e+00,0.0000000000000000e+00,
7.8725732135880317e-27,2.9096938962707862e-08,2.1540827625829664e-06,4.5906875218564504e-38,7.0257404296986901e-28,4.5906875218564504e-38,1.7875447635949040e-11,4.5906875218564504e-38,1.0329046924177013e-36,5.7007982488219954e-25,4.5906875218564504e-38,1.2590415770204634e+12,1.8046892746439706e+18,
6.8860312827846762e-38,1.4548469481353931e-08,2.9096938962707862e-08,2.2953437609282252e-38,3.0433467958218734e-29,2.2953437609282252e-38,1.5226046163282805e-15,2.2953437609282252e-38,2.2953437609282252e-38,1.6138371469554195e-31,2.2953437609282252e-38,0.0000000000000000e+00,0.0000000000000000e+00,
6.8860312827846762e-38,1.4548469481353931e-08,4.3645408444061796e-08,4.5906875218564504e-38,4.6239221246009198e-28,4.5906875218564504e-38,2.5676228698860229e-12,4.5906875218564504e-38,4.5906875218564504e-38,5.9348243309777130e-27,4.5906875218564504e-38,6.2899662465635138e+09,1.0279808233965452e+16,
6.8860312827846762e-38,1.4548469481353931e-08,2.9096938962707862e-08,2.2953437609282252e-38,4.2411148304571677e-28,2.2953437609282252e-38,1.8659900647673350e-12,2.2953437609282252e-38,2.2953437609282252e-38,3.5887793669354757e-27,2.2953437609282252e-38,3.1449831232817569e+09,5.1783451695923110e+15,
2.2953437609282252e-38,3.3873295135223146e-18,2.9096938962707862e-08,2.2953437609282252e-38,3.4889225166109025e-36,2.2953437609282252e-38,3.3873295135223146e-18,2.2953437609282252e-38,2.2953437609282252e-38,2.2953437609282252e-38,2.2953437609282252e-38,0.0000000000000000e+00,0.0000000000000000e+00,
2.2953437609282252e-38,2.9096938962707862e-08,3.3873295135223146e-18,2.2953437609282252e-38,2.2953437609282252e-38,2.2953437609282252e-38,3.3873295135223146e-18,2.2953437609282252e-38,2.2953437609282252e-38,2.2953437609282252e-38,2.2953437609282252e-38,0.0000000000000000e+00,0.0000000000000000e+00,
2.2953437609282252e-38,2.9096938962707862e-08,3.3873295135223146e-18,2.2953437609282252e-38,2.2953437609282252e-38,2.2953437609282252e-38,3.3873295135223146e-18,2.2953437609282252e-38,2.2953437609282252e-38,9.9847453600377802e-36,2.2953437609282252e-38,0.0000000000000000e+00,0.0000000000000000e+00,
5.6450704650115720e-18,2.9096938962707862e-08,3.4505928654476004e-01,4.5906875218564504e-38,2.2650917838171092e-19,6.8860312827846762e-38,4.2040157151850981e-06,3.1974716455342717e-22,6.0961689175908590e-29,1.0063128333236871e-08,3.5475140782112248e-28,2.0183649185130365e+17,4.7644928036369557e+22,
1.7244817836317647e-08,-1.1318709256493359e-05,1.2189594664144465e+01,3.7173877051743925e-19,2.1464187383774839e-08,9.1813750437129009e-38,8.1743448170455146e-02,1.0464948526782824e-19,1.2384887876660488e-28,1.3323828914270631e+01,5.1335662415183249e-20,1.2658683055039678e+19,1.2443906438454109e+25,
1.0299063943656441e-08,1.8185586851692414e-09,2.2728377533687343e+01,2.1061709099203703e-18,1.2823265101425134e-07,1.1476718804641127e-37,9.8471893536112702e+00,1.0996291670962804e-18,2.7344512064419744e-28,1.5824709313860458e+03,7.6304563216663237e-20,9.1007765330442820e+20,1.6452495778182372e+27,
4.5906875218564504e-38,3.3873295135223146e-18,2.9096938962707862e-08,2.2953437609282252e-38,6.7949962942834108e-29,2.2953437609282252e-38,3.3873295135223146e-18,2.2953437609282252e-38,2.2953437609282252e-38,2.2953437609282252e-38,2.2953437609282252e-38,0.0000000000000000e+00,0.0000000000000000e+00,
4.5906875218564504e-38,3.3873295135223146e-18,2.9096938962707862e-08,2.2953437609282252e-38,1.8130920367572051e-34,2.2953437609282252e-38,3.3873295135223146e-18,2.2953437609282252e-38,2.2953437609282252e-38,2.2953437609282252e-38,2.2953437609282252e-38,0.0000000000000000e+00,0.0000000000000000e+00,
1.8402940655953587e-20,4.3645408444061796e-08,1.2402467939770952e-07,4.5906875218564504e-38,1.1243366733507193e-21,4.5906875218564504e-38,5.0809942702834723e-18,4.5906875218564504e-38,6.8860312827846762e-38,4.8577804348587849e-26,4.5906875218564504e-38,7.3382939543240997e+10,6.7187083397304984e+16,
9.6244368092578568e-19,2.9096938962707862e-08,4.0624327828324394e-06,4.5906875218564504e-38,5.5506808202206979e-20,6.8860312827846762e-38,1.7875757576599527e-11,6.8860312827846762e-38,2.5248781370210478e-36,1.1161420755743793e-24,4.5906875218564504e-38,2.3765589134932476e+12,3.0358628399667968e+18,
4.7411156965047588e-27,2.9096938962707862e-08,2.1249858236202584e-06,4.5906875218564504e-38,5.8226914485522712e-28,4.5906875218564504e-38,1.7874898888567850e-11,4.5906875218564504e-38,1.0099512548084192e-36,5.6312742086630605e-25,4.5906875218564504e-38,1.2422683336962939e+12,1.7823051354749578e+18,
1.6440018705625723e-23,2.9096938962707862e-08,2.3471705873914909e-10,2.2953437609282252e-38,8.6275420491457400e-24,2.2953437609282252e-38,3.3873295135223146e-18,2.2953437609282252e-38,2.2953437609282252e-38,2.8113252077240776e-28,2.2953437609282252e-38,0.0000000000000000e+00,0.0000000000000000e+00,
8.5572353266964420e-19,4.3645408444061796e-08,3.9255862417734534e-06,4.5906875218564504e-38,5.0720671049588031e-20,4.5906875218564504e-38,1.6151396839786830e-12,4.5906875218564504e-38,2.5019246994117655e-36,1.1092396903969864e-24,4.5906875218564504e-38,2.2968860077034429e+12,2.7579414267651722e+18,
8.7896413508886816e-19,4.3645408444061796e-08,4.0623191229146158e-06,6.8860312827846762e-38,5.8305230643938223e-20,9.1813750437129009e-38,1.7875403600665363e-11,9.1813750437129009e-38,2.5478315746303302e-36,1.1160400167373875e-24,6.8860312827846762e-38,2.3765589134932476e+12,3.0357594945078461e+18,
1.0769611132107983e-18,2.9096938962707862e-08,4.0622054629967930e-06,4.5906875218564504e-38,6.7325230248574653e-20,6.8860312827846762e-38,1.7875449329613797e-11,6.8860312827846762e-38,2.5248781370210478e-36,1.1160393244999038e-24,4.5906875218564504e-38,2.3765589134932476e+12,3.0358424924085366e+18,
9.8870556619467499e-19,2.9096938962707862e-08,4.0623191229146158e-06,6.8860312827846762e-38,6.8046845872546540e-20,6.8860312827846762e-38,1.7875456104272825e-11,6.8860312827846762e-38,2.5248781370210478e-36,1.1160373238885649e-24,6.8860312827846762e-38,2.3765589134932476e+12,3.0358149300760084e+18,
8.9757710673160571e-19,2.9096938962707862e-08,4.0622054629967930e-06,6.8860312827846762e-38,8.6937416463314077e-20,9.1813750437129009e-38,1.7875429005636714e-11,6.8860312827846762e-38,2.5248781370210478e-36,1.1160398678022632e-24,6.8860312827846762e-38,2.3765589134932476e+12,3.0355367086400814e+18,
1.0341291444458774e-18,2.9096938962707862e-08,4.0623191229146158e-06,4.5906875218564504e-38,4.2100263324953672e-20,6.8860312827846762e-38,1.7875449329613797e-11,6.8860312827846762e-38,2.5248781370210478e-36,1.1160401601960052e-24,4.5906875218564504e-38,2.3765589134932476e+12,3.0358427058912543e+18,
4.4143560427451646e-22,2.9096938962707862e-08,1.2252548203789145e-09,2.2953437609282252e-38,9.7646656926469677e-23,2.2953437609282252e-38,3.3873295135223146e-18,2.2953437609282252e-38,2.2953437609282252e-38,1.0240817759757489e-27,2.2953437609282252e-38,1.0483277077605855e+09,7.4136821421286750e+14,
8.3576266684943768e-19,4.3645408444061796e-08,4.0622054629967930e-06,6.8860312827846762e-38,5.7357668927007321e-20,6.8860312827846762e-38,1.7875425618307203e-11,9.1813750437129009e-38,2.5478315746303302e-36,1.1160400973101968e-24,6.8860312827846762e-38,2.3765589134932476e+12,3.0355460535699896e+18,
5.0865387626525559e-19,2.9096938962707862e-08,1.8134939504193558e-06,4.5906875218564504e-38,2.3299737908405986e-20,4.5906875218564504e-38,5.0809942702834723e-18,4.5906875218564504e-38,1.1017650052455482e-36,5.5718428040113301e-25,4.5906875218564504e-38,1.0609076402537126e+12,1.1425247807486363e+18,
9.5826785403258696e-19,2.9096938962707862e-08,4.0622054629967930e-06,6.8860312827846762e-38,5.6721119379112918e-20,6.8860312827846762e-38,1.7875429005636714e-11,9.1813750437129009e-38,2.5478315746303302e-36,1.1160393244293908e-24,6.8860312827846762e-38,2.3765589134932476e+12,3.0358424924270008e+18,
6.8030904577596233e-22,4.3645408444061796e-08,1.8600436298239883e-09,4.5906875218564504e-38,1.0175228730674253e-22,4.5906875218564504e-38,5.0809942702834723e-18,4.5906875218564504e-38,4.5906875218564504e-38,1.4293353521215951e-27,4.5906875218564504e-38,1.0483277077605855e+09,7.6667307291394612e+14,
1.5409886899399332e-21,2.9096938962707862e-08,4.4274349689631025e-09,4.5906875218564504e-38,3.3254326378482714e-22,4.5906875218564504e-38,5.0809942702834723e-18,4.5906875218564504e-38,4.5906875218564504e-38,2.8838547860243015e-27,4.5906875218564504e-38,3.1449831232817569e+09,2.3963611307681565e+15,
1.0100219625031282e-21,2.9096938962707862e-08,4.0197751682623753e-09,4.5906875218564504e-38,2.8344099909714118e-22,4.5906875218564504e-38,5.0809942702834723e-18,4.5906875218564504e-38,4.5906875218564504e-38,2.6652882148956117e-27,4.5906875218564504e-38,3.1449831232817569e+09,2.3912464742935130e+15,
9.7298333944750884e-19,2.9096938962707862e-08,4.0623191229146158e-06,4.5906875218564504e-38,6.3749463499435973e-20,6.8860312827846762e-38,1.7875457797937579e-11,6.8860312827846762e-38,2.5248781370210478e-36,1.1160381102432225e-24,4.5906875218564504e-38,2.3765589134932476e+12,3.0358149298696428e+18,
9.5854829631250542e-19,2.9096938962707862e-08,4.0622054629967930e-06,4.5906875218564504e-38,5.6647719869816435e-20,4.5906875218564504e-38,1.7875457797937579e-11,6.8860312827846762e-38,2.5248781370210478e-36,1.1160392051684705e-24,4.5906875218564504e-38,2.3765589134932476e+12,3.0357318039602913e+18,
9.5854829631250542e-19,2.9096938962707862e-08,4.0623191229146158e-06,4.5906875218564504e-38,6.3749463499435973e-20,6.8860312827846762e-38,1.7875457797937579e-11,6.8860312827846762e-38,2.5248781370210478e-36,1.1160392051684705e-24,4.5906875218564504e-38,2.3765589134932476e+12,3.0358149298696428e+18,
3.5808150832078411e-27,2.9096938962707862e-08,4.0103645876404631e-11,2.2953437609282252e-38,5.3818592302777080e-24,2.2953437609282252e-38,3.3873295135223146e-18,2.2953437609282252e-38,2.2953437609282252e-38,7.3820366562736150e-29,2.2953437609282252e-38,0.0000000000000000e+00,0.0000000000000000e+00,
2.3341847660646540e-20,2.9096938962707862e-08,1.7167897832796677e-07,4.5906875218564504e-38,1.5128463997954669e-21,4.5906875218564504e-38,5.0809942702834723e-18,4.5906875218564504e-38,9.1813750437129009e-38,6.4739534925259003e-26,4.5906875218564504e-38,1.0063945994501622e+11,9.3892690958747072e+16,
9.5096324133599000e-19,2.9096938962707862e-08,4.0622054629967930e-06,4.5906875218564504e-38,6.4622257178291046e-20,4.5906875218564504e-38,1.0994206285761430e-11,6.8860312827846762e-38,2.5248781370210478e-36,1.1160389188447190e-24,4.5906875218564504e-38,2.3765589134932476e+12,3.0348326452581765e+18,
9.6371539042207694e-19,2.9096938962707862e-08,4.0623191229146158e-06,6.8860312827846762e-38,6.7874163887208502e-20,6.8860312827846762e-38,1.7875403600665363e-11,9.1813750437129009e-38,2.5478315746303302e-36,1.1160400166551224e-24,6.8860312827846762e-38,2.3765589134932476e+12,3.0358424924269978e+18,
9.8245989327734279e-19,2.9096938962707862e-08,4.0623191229146158e-06,4.5906875218564504e-38,8.5841464864655036e-20,6.8860312827846762e-38,1.7875432392966228e-11,6.8860312827846762e-38,2.5248781370210478e-36,1.1160400973160730e-24,4.5906875218564504e-38,2.3765589134932476e+12,3.0359243987504625e+18,
2.2918025415243091e-26,2.9096938962707862e-08,3.1902065734581419e-06,4.5906875218564504e-38,1.2613809453352737e-27,4.5906875218564504e-38,1.7875432392966228e-11,4.5906875218564504e-38,1.6526475078683222e-36,8.3580859361915581e-25,4.5906875218564504e-38,1.8660233198138423e+12,2.5737997986682501e+18,
2.2953437609282252e-38,2.9096938962707862e-08,3.3873295135223146e-18,2.2953437609282252e-38,2.2953437609282252e-38,2.2953437609282252e-38,3.3873295135223146e-18,2.2953437609282252e-38,2.2953437609282252e-38,2.2953437609282252e-38,2.2953437609282252e-38,0.0000000000000000e+00,0.0000000000000000e+00,
2.2953437609282252e-38,2.9096938962707862e-08,3.3873295135223146e-18,2.2953437609282252e-38,2.2953437609282252e-38,2.2953437609282252e-38,3.3873295135223146e-18,2.2953437609282252e-38,2.2953437609282252e-38,4.5906875218564504e-38,2.2953437609282252e-38,0.0000000000000000e+00,0.0000000000000000e+00,
2.2953437609282252e-38,2.9096938962707862e-08,3.3873295135223146e-18,2.2953437609282252e-38,2.2953437609282252e-38,2.2953437609282252e-38,3.3873295135223146e-18,2.2953437609282252e-38,2.2953437609282252e-38,6.4269625305990314e-36,2.2953437609282252e-38,0.0000000000000000e+00,0.0000000000000000e+00,
2.4934006419608697e-30,2.9096938962707862e-08,4.4686159041813405e-13,2.2953437609282252e-38,4.5906875218564504e-38,2.2953437609282252e-38,3.3873295135223146e-18,2.2953437609282252e-38,2.2953437609282252e-38,2.9572934033616696e-30,2.2953437609282252e-38,0.0000000000000000e+00,0.0000000000000000e+00,
9.2620108424184326e-19,4.3645408444061796e-08,4.1254003773064238e-06,4.5906875218564504e-38,6.7577181893887678e-20,6.8860312827846762e-38,1.8055734861976753e-11,6.8860312827846762e-38,2.5707850122396125e-36,1.1340565636789119e-24,4.5906875218564504e-38,2.4122020555571074e+12,3.0799625523063122e+18,
7.9046295949019679e-19,2.9096938962707862e-08,4.0693660378196466e-06,6.8860312827846762e-38,8.4216394674478025e-20,9.1813750437129009e-38,1.7966597285828413e-11,6.8860312827846762e-38,2.5248781370210478e-36,1.1177270465645022e-24,6.8860312827846762e-38,2.3797038966165293e+12,3.0411863403060813e+18,
4.5906875218564504e-38,1.1365991782307759e-10,2.9096938962707862e-08,2.2953437609282252e-38,5.1186165868699427e-36,2.2953437609282252e-38,3.3873295135223146e-18,2.2953437609282252e-38,2.2953437609282252e-38,2.2953437609282252e-38,2.2953437609282252e-38,0.0000000000000000e+00,0.0000000000000000e+00,
2.2953437609282252e-38,2.9096938962707862e-08,3.3873295135223146e-18,2.2953437609282252e-38,2.2953437609282252e-38,2.2953437609282252e-38,3.3873295135223146e-18,2.2953437609282252e-38,2.2953437609282252e-38,2.2953437609282252e-38,2.2953437609282252e-38,0.0000000000000000e+00,0.0000000000000000e+00,
2.2953437609282252e-38,2.9096938962707862e-08,3.3873295135223146e-18,2.2953437609282252e-38,2.2953437609282252e-38,2.2953437609282252e-38,3.3873295135223146e-18,2.2953437609282252e-38,2.2953437609282252e-38,9.1813750437129009e-38,2.2953437609282252e-38,0.0000000000000000e+00,0.0000000000000000e+00,
2.2953437609282252e-38,2.9096938962707862e-08,3.3873295135223146e-18,2.2953437609282252e-38,2.2953437609282252e-38,2.2953437609282252e-38,3.3873295135223146e-18,2.2953437609282252e-38,2.2953437609282252e-38,7.9923869755520802e-35,2.2953437609282252e-38,0.0000000000000000e+00,0.0000000000000000e+00,
2.8522862078146665e-20,2.9096938962707862e-08,8.6842991179042674e-08,4.5906875218564504e-38,3.0721903300915518e-22,4.5906875218564504e-38,5.0809942702834723e-18,4.5906875218564504e-38,4.5906875218564504e-38,3.9478347772903207e-26,4.5906875218564504e-38,5.1368057680268692e+10,3.9021872218033104e+16,
1.9140709319085234e-18,2.9096938962707862e-08,2.7185037070026419e-05,4.5906875218564504e-38,2.5765700984206591e-19,6.8860312827846762e-38,6.5370458218953954e-11,9.1813750437129009e-38,3.0321491081861858e-35,9.2412563430692456e-24,6.8860312827846762e-38,1.5902082999020322e+13,1.9281866343215419e+19,
6.8860312827846762e-38,1.4548469481353931e-08,1.4912181218387779e-07,4.5906875218564504e-38,5.8154190831408630e-28,4.5906875218564504e-38,9.0938636187327088e-12,4.5906875218564504e-38,4.5906875218564504e-38,5.2855805276480933e-26,4.5906875218564504e-38,8.5962872036368011e+10,1.3492111876033899e+17,
4.5906875218564504e-38,3.3873295135223146e-18,2.9096938962707862e-08,2.2953437609282252e-38,3.4613783914797639e-35,2.2953437609282252e-38,3.3873295135223146e-18,2.2953437609282252e-38,2.2953437609282252e-38,2.2953437609282252e-38,2.2953437609282252e-38,0.0000000000000000e+00,0.0000000000000000e+00,
2.2953437609282252e-38,2.9096938962707862e-08,3.3873295135223146e-18,2.2953437609282252e-38,2.2953437609282252e-38,2.2953437609282252e-38,3.3873295135223146e-18,2.2953437609282252e-38,2.2953437609282252e-38,2.2953437609282252e-38,2.2953437609282252e-38,0.0000000000000000e+00,0.0000000000000000e+00,
2.2953437609282252e-38,2.9096938962707862e-08,3.3873295135223146e-18,2.2953437609282252e-38,2.2953437609282252e-38,2.2953437609282252e-38,3.3873295135223146e-18,2.2953437609282252e-38,2.2953437609282252e-38,4.8202218979492732e-37,2.2953437609282252e-38,0.0000000000000000e+00,0.0000000000000000e+00,
6.9719003403142469e-19,2.9096938962707862e-08,6.4461294034191373e-06,2.2953437609282252e-38,1.9823934405085250e-21,4.5906875218564504e-38,6.7746590270446292e-18,4.5906875218564504e-38,6.0665935601332991e-35,2.3887947240374882e-23,4.5906875218564504e-38,3.7703106009609463e+12,7.8216297379723277e+17,
2.4267929561789894e-17,2.9096938962707862e-08,1.2225627437833536e+01,9.1813750437129009e-38,3.0464714468747762e-16,9.1813750437129009e-38,4.2028514058337567e-02,1.3227531104460100e-20,2.3230375725415798e-28,3.1804654721102565e-01,7.6944666361062057e-24,7.4779533414856858e+18,7.1088249163478056e+24,
3.6208261407480074e-17,1.4548469481353931e-08,2.2892129566839710e+01,6.8860312827846762e-38,7.8977585483150616e-16,6.8860312827846762e-38,4.2768959988956462e-01,2.0424294969205982e-20,3.4641393512314215e-28,1.9383402024119307e+00,1.7620185011742380e-23,1.5222280199368507e+19,2.1790053223990517e+25,
4.5906875218564504e-38,2.2731983564615517e-10,2.9096938962707862e-08,2.2953437609282252e-38,5.6364461393353504e-34,2.2953437609282252e-38,3.3873295135223146e-18,2.2953437609282252e-38,2.2953437609282252e-38,2.2953437609282252e-38,2.2953437609282252e-38,0.0000000000000000e+00,0.0000000000000000e+00,
4.5906875218564504e-38,3.3873295135223146e-18,2.9096938962707862e-08,2.2953437609282252e-38,1.1823315712541289e-34,2.2953437609282252e-38,3.3873295135223146e-18,2.2953437609282252e-38,2.2953437609282252e-38,2.2953437609282252e-38,2.2953437609282252e-38,0.0000000000000000e+00,0.0000000000000000e+00,
3.4126907332322190e-28,2.9096938962707862e-08,3.1001042947527036e-12,2.2953437609282252e-38,4.5906875218564504e-38,2.2953437609282252e-38,3.3873295135223146e-18,2.2953437609282252e-38,2.2953437609282252e-38,1.1465945975954212e-29,2.2953437609282252e-38,0.0000000000000000e+00,0.0000000000000000e+00,
9.9884160134022463e-19,2.9096938962707862e-08,4.0620918030789702e-06,4.5906875218564504e-38,5.4253548839349030e-20,4.5906875218564504e-38,1.5799040049131211e-11,6.8860312827846762e-38,2.5248781370210478e-36,1.1160405866466373e-24,4.5906875218564504e-38,2.3765589134932476e+12,3.0354536767530481e+18,
8.9878608429950316e-19,2.9096938962707862e-08,4.0623191229146158e-06,6.8860312827846762e-38,7.8545881596114396e-20,6.8860312827846762e-38,1.7875432392966228e-11,9.1813750437129009e-38,2.5248781370210478e-36,1.1160402516806953e-24,6.8860312827846762e-38,2.3765589134932476e+12,3.0355367087421010e+18,

