1
1
18
0
(98 0
((0,32) (31,63) (0,0))
((96,32) (127,63) (0,0))
((0,352) (31,383) (0,0))
((0,224) (31,255) (0,0))
((0,96) (31,127) (0,0))
((96,352) (127,383) (0,0))
((96,224) (127,255) (0,0))
((96,96) (127,127) (0,0))
((0,416) (31,447) (0,0))
((0,288) (31,319) (0,0))
((0,160) (31,191) (0,0))
((96,416) (127,447) (0,0))
((96,288) (127,319) (0,0))
((96,160) (127,191) (0,0))
((32,32) (63,63) (0,0))
((160,32) (191,63) (0,0))
((32,352) (63,383) (0,0))
((32,224) (63,255) (0,0))
((32,96) (63,127) (0,0))
((160,352) (191,383) (0,0))
((160,224) (191,255) (0,0))
((160,96) (191,127) (0,0))
((32,416) (63,447) (0,0))
((32,288) (63,319) (0,0))
((32,160) (63,191) (0,0))
((160,416) (191,447) (0,0))
((160,288) (191,319) (0,0))
((160,160) (191,191) (0,0))
((0,64) (31,95) (0,0))
((96,64) (127,95) (0,0))
((0,384) (31,415) (0,0))
((0,256) (31,287) (0,0))
((0,128) (31,159) (0,0))
((96,384) (127,415) (0,0))
((96,256) (127,287) (0,0))
((96,128) (127,159) (0,0))
((0,448) (31,479) (0,0))
((0,320) (31,351) (0,0))
((0,192) (31,223) (0,0))
((96,448) (127,479) (0,0))
((96,320) (127,351) (0,0))
((96,192) (127,223) (0,0))
((32,64) (63,95) (0,0))
((160,64) (191,95) (0,0))
((32,384) (63,415) (0,0))
((32,256) (63,287) (0,0))
((32,128) (63,159) (0,0))
((160,384) (191,415) (0,0))
((160,256) (191,287) (0,0))
((160,128) (191,159) (0,0))
((32,448) (63,479) (0,0))
((32,320) (63,351) (0,0))
((32,192) (63,223) (0,0))
((160,448) (191,479) (0,0))
((160,320) (191,351) (0,0))
((160,192) (191,223) (0,0))
((128,32) (159,63) (0,0))
((128,352) (159,383) (0,0))
((128,224) (159,255) (0,0))
((128,96) (159,127) (0,0))
((128,416) (159,447) (0,0))
((128,288) (159,319) (0,0))
((128,160) (159,191) (0,0))
((64,32) (95,63) (0,0))
((192,32) (223,63) (0,0))
((64,352) (95,383) (0,0))
((64,224) (95,255) (0,0))
((64,96) (95,127) (0,0))
((192,352) (223,383) (0,0))
((192,224) (223,255) (0,0))
((192,96) (223,127) (0,0))
((64,416) (95,447) (0,0))
((64,288) (95,319) (0,0))
((64,160) (95,191) (0,0))
((192,416) (223,447) (0,0))
((192,288) (223,319) (0,0))
((192,160) (223,191) (0,0))
((128,64) (159,95) (0,0))
((128,384) (159,415) (0,0))
((128,256) (159,287) (0,0))
((128,128) (159,159) (0,0))
((128,448) (159,479) (0,0))
((128,320) (159,351) (0,0))
((128,192) (159,223) (0,0))
((64,64) (95,95) (0,0))
((192,64) (223,95) (0,0))
((64,384) (95,415) (0,0))
((64,256) (95,287) (0,0))
((64,128) (95,159) (0,0))
((192,384) (223,415) (0,0))
((192,256) (223,287) (0,0))
((192,128) (223,159) (0,0))
((64,448) (95,479) (0,0))
((64,320) (95,351) (0,0))
((64,192) (95,223) (0,0))
((192,448) (223,479) (0,0))
((192,320) (223,351) (0,0))
((192,192) (223,223) (0,0))
)
98
FabOnDisk: SD_0_New_MF_D_00055 0
FabOnDisk: SD_0_New_MF_D_00003 0
FabOnDisk: SD_0_New_MF_D_00010 147543
FabOnDisk: SD_0_New_MF_D_00007 0
FabOnDisk: SD_0_New_MF_D_00004 295081
FabOnDisk: SD_0_New_MF_D_00050 0
FabOnDisk: SD_0_New_MF_D_00007 737715
FabOnDisk: SD_0_New_MF_D_00054 0
FabOnDisk: SD_0_New_MF_D_00012 442630
FabOnDisk: SD_0_New_MF_D_00009 295085
FabOnDisk: SD_0_New_MF_D_00006 147543
FabOnDisk: SD_0_New_MF_D_00045 0
FabOnDisk: SD_0_New_MF_D_00005 590172
FabOnDisk: SD_0_New_MF_D_00034 0
FabOnDisk: SD_0_New_MF_D_00057 0
FabOnDisk: SD_0_New_MF_D_00005 0
FabOnDisk: SD_0_New_MF_D_00010 295085
FabOnDisk: SD_0_New_MF_D_00007 147542
FabOnDisk: SD_0_New_MF_D_00004 442622
FabOnDisk: SD_0_New_MF_D_00039 147543
FabOnDisk: SD_0_New_MF_D_00008 885270
FabOnDisk: SD_0_New_MF_D_00053 0
FabOnDisk: SD_0_New_MF_D_00012 590172
FabOnDisk: SD_0_New_MF_D_00009 442627
FabOnDisk: SD_0_New_MF_D_00006 295085
FabOnDisk: SD_0_New_MF_D_00042 0
FabOnDisk: SD_0_New_MF_D_00011 147545
FabOnDisk: SD_0_New_MF_D_00008 0
FabOnDisk: SD_0_New_MF_D_00004 0
FabOnDisk: SD_0_New_MF_D_00002 0
FabOnDisk: SD_0_New_MF_D_00012 147545
FabOnDisk: SD_0_New_MF_D_00009 0
FabOnDisk: SD_0_New_MF_D_00038 0
FabOnDisk: SD_0_New_MF_D_00012 885258
FabOnDisk: SD_0_New_MF_D_00009 737713
FabOnDisk: SD_0_New_MF_D_00006 590171
FabOnDisk: SD_0_New_MF_D_00013 0
FabOnDisk: SD_0_New_MF_D_00000 0
FabOnDisk: SD_0_New_MF_D_00035 0
FabOnDisk: SD_0_New_MF_D_00013 442628
FabOnDisk: SD_0_New_MF_D_00010 590171
FabOnDisk: SD_0_New_MF_D_00007 442628
FabOnDisk: SD_0_New_MF_D_00004 147540
FabOnDisk: SD_0_New_MF_D_00005 442629
FabOnDisk: SD_0_New_MF_D_00012 295087
FabOnDisk: SD_0_New_MF_D_00009 147542
FabOnDisk: SD_0_New_MF_D_00006 0
FabOnDisk: SD_0_New_MF_D_00021 0
FabOnDisk: SD_0_New_MF_D_00007 1032804
FabOnDisk: SD_0_New_MF_D_00047 147544
FabOnDisk: SD_0_New_MF_D_00013 147542
FabOnDisk: SD_0_New_MF_D_00010 0
FabOnDisk: SD_0_New_MF_D_00052 147544
FabOnDisk: SD_0_New_MF_D_00014 295090
FabOnDisk: SD_0_New_MF_D_00011 737725
FabOnDisk: SD_0_New_MF_D_00008 590180
FabOnDisk: SD_0_New_MF_D_00051 0
FabOnDisk: SD_0_New_MF_D_00011 885270
FabOnDisk: SD_0_New_MF_D_00008 737725
FabOnDisk: SD_0_New_MF_D_00052 0
FabOnDisk: SD_0_New_MF_D_00043 0
FabOnDisk: SD_0_New_MF_D_00011 0
FabOnDisk: SD_0_New_MF_D_00053 147544
FabOnDisk: SD_0_New_MF_D_00056 0
FabOnDisk: SD_0_New_MF_D_00005 147543
FabOnDisk: SD_0_New_MF_D_00010 737715
FabOnDisk: SD_0_New_MF_D_00007 590172
FabOnDisk: SD_0_New_MF_D_00046 0
FabOnDisk: SD_0_New_MF_D_00012 0
FabOnDisk: SD_0_New_MF_D_00026 0
FabOnDisk: SD_0_New_MF_D_00047 0
FabOnDisk: SD_0_New_MF_D_00012 1032802
FabOnDisk: SD_0_New_MF_D_00008 1032815
FabOnDisk: SD_0_New_MF_D_00027 0
FabOnDisk: SD_0_New_MF_D_00014 0
FabOnDisk: SD_0_New_MF_D_00011 442635
FabOnDisk: SD_0_New_MF_D_00008 295090
FabOnDisk: SD_0_New_MF_D_00005 295086
FabOnDisk: SD_0_New_MF_D_00013 590172
FabOnDisk: SD_0_New_MF_D_00027 147543
FabOnDisk: SD_0_New_MF_D_00007 885259
FabOnDisk: SD_0_New_MF_D_00014 147545
FabOnDisk: SD_0_New_MF_D_00011 590180
FabOnDisk: SD_0_New_MF_D_00008 442635
FabOnDisk: SD_0_New_MF_D_00001 0
FabOnDisk: SD_0_New_MF_D_00039 0
FabOnDisk: SD_0_New_MF_D_00012 737715
FabOnDisk: SD_0_New_MF_D_00009 590170
FabOnDisk: SD_0_New_MF_D_00006 442628
FabOnDisk: SD_0_New_MF_D_00047 295089
FabOnDisk: SD_0_New_MF_D_00011 295090
FabOnDisk: SD_0_New_MF_D_00008 147545
FabOnDisk: SD_0_New_MF_D_00013 295085
FabOnDisk: SD_0_New_MF_D_00010 442628
FabOnDisk: SD_0_New_MF_D_00007 295085
FabOnDisk: SD_0_New_MF_D_00014 442635
FabOnDisk: SD_0_New_MF_D_00044 0
FabOnDisk: SD_0_New_MF_D_00038 147542

98,18
9.9999999554373044e-05,-1.8102755172344129e+00,-2.0109350574405578e+01,0.0000000000000000e+00,2.3939095980979469e+17,2.3939095980908573e+17,7.4999999582358092e+07,9.9999999564396863e-35,9.9999999534373037e-05,9.9999999564390298e-15,9.9999999564396863e-35,9.9999999564396863e-35,9.9999999564396863e-35,9.9999999564390298e-15,9.9999999564396863e-35,9.9999999564396863e-35,9.9999999564396863e-35,9.9999999564396863e-35,
9.9999999736575049e-05,-5.4797978239012517e+00,6.9491857901341474e+00,0.0000000000000000e+00,2.3939096039126522e+17,2.3939096039065389e+17,7.4999999934143648e+07,9.9999999746600088e-35,9.9999999716575042e-05,9.9999999746592492e-15,9.9999999746600088e-35,9.9999999746600088e-35,9.9999999746600088e-35,9.9999999746592492e-15,9.9999999746600088e-35,9.9999999746600088e-35,9.9999999746600088e-35,9.9999999746600088e-35,
5.8691196006012347e+05,2.1314000327709031e+09,-5.4446255434073641e+13,0.0000000000000000e+00,2.1345273557242968e+22,2.1345263969401188e+22,1.0570153875038700e+07,1.6275981490087847e-24,2.9823837356727416e-04,5.8937676646250215e-05,5.8691196011914029e-25,1.8738564556642997e-24,5.8691196011914029e-25,5.8691196011890120e-05,5.8691196011914029e-25,5.8691196011914149e-25,8.0369730415191402e-25,5.8691196011914029e-25,
4.7387557862526253e+07,-4.4253633893758507e+10,-9.5161285648297429e+07,0.0000000000000000e+00,1.6084085334032123e+25,1.6084085334032081e+25,1.0000147860993922e+07,4.7387557862526262e-23,4.7387557867267158e-03,4.7387557853048742e+07,4.7387557867277552e-23,4.7391641665793279e-23,4.7387557867277552e-23,4.7387557867267158e-03,4.7387557867277552e-23,4.7387557867277552e-23,4.7387557867277552e-23,4.7387557867277552e-23,
1.6403908921381645e+02,2.6468532126086869e+05,-1.2638812097954189e+11,0.0000000000000000e+00,1.4025291562924577e+18,1.4025283263214559e+18,7.5000733835923344e+07,1.6403908923027031e-28,1.6403908918100865e+02,1.6403908923023095e-08,1.6403908923027031e-28,1.6403908923027031e-28,1.6403908923027031e-28,1.6403908923023095e-08,1.6403908923027031e-28,1.6403908923027031e-28,1.6403908923063534e-28,1.6403908923027031e-28,
1.7671806892149761e-01,1.0215925020165481e+04,1.0215876211288827e+04,0.0000000000000000e+00,2.4064282763862234e+17,2.4064282704805101e+17,7.4999997931673810e+07,1.7671806893924163e-31,1.7671806888615399e-01,1.7671806893917897e-11,1.7671806893924163e-31,1.7671806893924163e-31,1.7671806893924163e-31,1.7671806893917897e-11,1.7671806893924163e-31,1.7671806893924163e-31,1.7671806893924163e-31,1.7671806893924163e-31,
5.8691171728897584e+05,9.3724035042499283e+10,-3.4667236342999146e+11,0.0000000000000000e+00,2.0814999622963476e+22,2.0814991682796186e+22,1.0477930228591155e+07,1.2179391946747542e-24,2.9786531852080486e-04,5.8694995531427413e-05,5.8691171734805773e-25,1.2814534895879912e-24,5.8691171734805773e-25,5.8691171734783415e-05,5.8691171734805773e-25,5.8691171734805773e-25,5.9523596814247088e-25,5.8691171734805773e-25,
1.1595424014027008e-04,1.0805341731358089e+00,-3.0366999597333688e+07,0.0000000000000000e+00,2.3939169037813574e+17,2.3939169037812282e+17,7.4999997860970318e+07,1.1595424015189445e-34,1.1595424011707924e-04,1.1595424015186773e-14,1.1595424015189445e-34,1.1595424015189445e-34,1.1595424015189445e-34,1.1595424015186773e-14,1.1595424015189445e-34,1.1595424015189445e-34,1.1595424015189445e-34,1.1595424015189445e-34,
2.0779523110280506e-03,1.6116553163455900e+00,1.5059871832307152e+02,0.0000000000000000e+00,2.3940561962582371e+17,2.3940561962019798e+17,7.5000049974351734e+07,2.0779523112364212e-33,2.0779523106124603e-03,2.0779523112359039e-13,2.0779523112364212e-33,2.0779523112364212e-33,2.0779523112364212e-33,2.0779523112359039e-13,2.0779523112364212e-33,2.0779523112364212e-33,2.0779523112364212e-33,2.0779523112364212e-33,
1.8614564362796664e+07,-1.9114131222564418e+09,-4.3512359576386499e+09,0.0000000000000000e+00,4.0070321582375494e+24,4.0070321582375483e+24,1.0236332987117667e+07,1.8614564362796671e-23,1.8614564364665678e-03,1.8614564359073751e+07,1.8614564364671162e-23,1.8614568587750562e-23,1.8614564364671162e-23,1.8614564364665678e-03,1.8614564364671162e-23,1.8614564364671162e-23,1.8614564364671162e-23,1.8614564364671162e-23,
4.7618441333487853e+06,-3.3974287126022398e+08,-5.3897704603607715e+12,0.0000000000000000e+00,4.9421679363674944e+23,4.9421664521157329e+23,1.0457270036166502e+07,4.7618441337837488e-24,4.7618441338245809e-04,4.7618441323964167e+06,4.7618441338258323e-24,4.7618441343620472e-24,4.7618441338258323e-24,4.7618441338245809e-04,4.7618441338258323e-24,4.7618441338258323e-24,4.7618441338258323e-24,4.7618441338258323e-24,
9.9999999961073881e-05,-3.6696950695284043e+00,-5.3462515961641701e+00,0.0000000000000000e+00,2.3939096111073040e+17,2.3939096111054992e+17,7.4999999957440510e+07,9.9999999971192806e-35,9.9999999941073874e-05,9.9999999971146087e-15,9.9999999971192806e-35,9.9999999971192806e-35,9.9999999971192806e-35,9.9999999971146087e-15,9.9999999971192806e-35,9.9999999971192806e-35,9.9999999971192806e-35,9.9999999971192806e-35,
1.6628289564131558e+05,2.1020760175751408e+10,1.0469055015413752e+10,0.0000000000000000e+00,2.8284006329446328e+21,2.8283989747059151e+21,1.0503221204663275e+07,1.6628289565805147e-25,2.9841745061157549e-04,1.6628289565796502e-05,1.6628289565805147e-25,1.6628289565805147e-25,1.6628289565805147e-25,1.6628289565796502e-05,1.6628289565805147e-25,1.6628289565805147e-25,1.6628289739865185e-25,1.6628289565805147e-25,
6.8029166653126470e+02,5.7092792804255389e+07,-2.1288248601512671e+11,0.0000000000000000e+00,5.0836941328043540e+18,5.0836903930885571e+18,7.0322770806498274e+07,6.8029166659947968e-28,6.8029166639520633e+02,6.8029166659932382e-08,6.8029166659947968e-28,6.8029166659947968e-28,6.8029166659947968e-28,6.8029166659932382e-08,6.8029166659947968e-28,6.8029166659947968e-28,6.8029166660854010e-28,6.8029166659947968e-28,
9.9999999566005693e-05,-3.6409240165284107e+00,-1.0973749431977762e+01,0.0000000000000000e+00,2.3939095984692634e+17,2.3939095984621770e+17,7.4999999808270261e+07,9.9999999576030702e-35,9.9999999546005687e-05,9.9999999576022478e-15,9.9999999576030702e-35,9.9999999576030702e-35,9.9999999576030702e-35,9.9999999576022478e-15,9.9999999576030702e-35,9.9999999576030702e-35,9.9999999576030702e-35,9.9999999576030702e-35,
9.9999973238395760e-05,-5.3943487037150692e+00,3.7809382547320243e+00,0.0000000000000000e+00,2.3939087581171440e+17,2.3939087581156227e+17,7.4999993309590384e+07,9.9999973248415376e-35,9.9999973218395754e-05,9.9999973248404163e-15,9.9999973248415376e-35,9.9999973248415376e-35,9.9999973248415376e-35,9.9999973248404163e-15,9.9999973248415376e-35,9.9999973248415376e-35,9.9999973248415376e-35,9.9999973248415376e-35,
1.6628289201763723e+05,1.0475815970254917e+10,2.1020747775562458e+10,0.0000000000000000e+00,2.8284107645128540e+21,2.8284091058498652e+21,1.0510056431411732e+07,1.6628289203437505e-25,2.9841968016351190e-04,1.6628289203428852e-05,1.6628289203437505e-25,1.6628289203437505e-25,1.6628289203437505e-25,1.6628289203428852e-05,1.6628289203437505e-25,1.6628289203437505e-25,1.6628289377568059e-25,1.6628289203437505e-25,
1.8614564380250026e+07,-4.3494844273463669e+09,-3.2664563753601992e+08,0.0000000000000000e+00,4.0070321579321987e+24,4.0070321579321976e+24,1.0236351097341267e+07,1.8614564380250026e-23,1.8614564382118937e-03,1.8614564376527112e+07,1.8614564382124414e-23,1.8614568605153732e-23,1.8614564382124414e-23,1.8614564382118937e-03,1.8614564382124414e-23,1.8614564382124414e-23,1.8614564382124414e-23,1.8614564382124414e-23,
4.1353276630313234e+00,1.3808255657937258e+05,-8.2828867441513321e+10,0.0000000000000000e+00,2.6869695569152086e+17,2.6869693887035782e+17,7.4999997891698584e+07,4.1353276634456485e-30,4.1353276622042570e+00,4.1353276634447846e-10,4.1353276634456485e-30,4.1353276634456485e-30,4.1353276634456485e-30,4.1353276634447846e-10,4.1353276634456485e-30,4.1353276634456485e-30,4.1353276634456485e-30,4.1353276634456485e-30,
9.9999999898067857e-05,-6.6451750962856169e+00,-3.6696840062325484e+00,0.0000000000000000e+00,2.3939096090628637e+17,2.3939096090610717e+17,7.4999999772284925e+07,9.9999999908104783e-35,9.9999999878067850e-05,9.9999999908094123e-15,9.9999999908104783e-35,9.9999999908104783e-35,9.9999999908104783e-35,9.9999999908094123e-15,9.9999999908104783e-35,9.9999999908104783e-35,9.9999999908104783e-35,9.9999999908104783e-35,
2.0765595009845953e-03,1.3452498531117880e+02,-2.9635082609421909e+06,0.0000000000000000e+00,2.3940526726438842e+17,2.3940526725989472e+17,7.4999997750130907e+07,2.0765595011924228e-33,2.0765595005692835e-03,2.0765595011922678e-13,2.0765595011924228e-33,2.0765595011924228e-33,2.0765595011924228e-33,2.0765595011922678e-13,2.0765595011924228e-33,2.0765595011924228e-33,2.0765595011924228e-33,2.0765595011924228e-33,
9.9999999948645590e-05,-5.3438820364468071e+00,6.8940313979684442e-01,0.0000000000000000e+00,2.3939096106766122e+17,2.3939096106753267e+17,7.4999999987159327e+07,9.9999999958689784e-35,9.9999999928645583e-05,9.9999999958676626e-15,9.9999999958689784e-35,9.9999999958689784e-35,9.9999999958689784e-35,9.9999999958676626e-15,9.9999999958689784e-35,9.9999999958689784e-35,9.9999999958689784e-35,9.9999999958689784e-35,
2.2657584486220685e-04,4.4330614693100010e+00,1.3329789784153801e+01,0.0000000000000000e+00,2.3939191550084822e+17,2.3939191550041274e+17,7.5000000162854061e+07,2.2657584488490566e-34,2.2657584481689170e-04,2.2657584488484411e-14,2.2657584488490566e-34,2.2657584488490566e-34,2.2657584488490566e-34,2.2657584488484411e-14,2.2657584488490566e-34,2.2657584488490566e-34,2.2657584488490566e-34,2.2657584488490566e-34,
8.1367044938694211e+06,-1.7904510998581414e+09,-1.7916255615423341e+09,0.0000000000000000e+00,1.1355755490605926e+24,1.1355752204147135e+24,1.0361023877542403e+07,8.1367044938694219e-24,8.1367044946811600e-04,8.1367044922420802e+06,8.1367044946827670e-24,8.1367045096020898e-24,8.1367044946827670e-24,8.1367044946811600e-04,8.1367044946827670e-24,8.1367044946827670e-24,8.1367044946827670e-24,8.1367044946827670e-24,
2.0936274426453880e+06,-8.7230092787199751e+07,-4.8805419979847529e+12,0.0000000000000000e+00,1.3633625394366254e+23,1.3633620893405357e+23,1.0472770036441047e+07,2.0936274426453881e-24,2.9880191710549638e-04,1.8761503729211830e+06,2.0936274428550022e-24,2.0936287548092115e-24,2.0936274428550022e-24,2.0936274428543400e-04,2.0936274428550022e-24,2.0936274428550022e-24,2.0936274428550022e-24,2.0936274428550022e-24,
9.9999999975688885e-05,-4.2029568686816097e+00,-3.6225964702137974e+00,0.0000000000000000e+00,2.3939096115399210e+17,2.3939096115389939e+17,7.4999999993923903e+07,9.9999999985730123e-35,9.9999999955688879e-05,9.9999999985719330e-15,9.9999999985730123e-35,9.9999999985730123e-35,9.9999999985730123e-35,9.9999999985719330e-15,9.9999999985730123e-35,9.9999999985730123e-35,9.9999999985730123e-35,9.9999999985730123e-35,
2.2644230571331527e-04,1.0593328460810937e+01,4.3547301980881041e+00,0.0000000000000000e+00,2.3939212775651984e+17,2.3939212775623018e+17,7.4999997839287400e+07,2.2644230573597941e-34,2.2644230566802679e-04,2.2644230573595286e-14,2.2644230573597941e-34,2.2644230573597941e-34,2.2644230573597941e-34,2.2644230573595286e-14,2.2644230573597941e-34,2.2644230573597941e-34,2.2644230573597941e-34,2.2644230573597941e-34,
9.9999999797919248e-05,-7.1391127718778504e+00,-8.3597215375544532e+04,0.0000000000000000e+00,2.3939096058662598e+17,2.3939096058644675e+17,7.4999999067892566e+07,9.9999999807965804e-35,9.9999999777919242e-05,9.9999999807951529e-15,9.9999999807965804e-35,9.9999999807965804e-35,9.9999999807965804e-35,9.9999999807951529e-15,9.9999999807965804e-35,9.9999999807965804e-35,9.9999999807965804e-35,9.9999999807965804e-35,
2.0765590947061647e-03,1.0017673093031660e+00,-4.1521877171597235e+07,0.0000000000000000e+00,2.3940526739874214e+17,2.3940526739424960e+17,7.4999997747432128e+07,2.0765590949139833e-33,2.0765590942908529e-03,2.0765590949138554e-13,2.0765590949139833e-33,2.0765590949139833e-33,2.0765590949139833e-33,2.0765590949138554e-13,2.0765590949139833e-33,2.0765590949139833e-33,2.0765590949139833e-33,2.0765590949139833e-33,
9.9999999897831501e-05,-3.6696952983183024e+00,-1.1165485823377903e+03,0.0000000000000000e+00,2.3939096090553158e+17,2.3939096090535238e+17,7.4999999776641563e+07,9.9999999907868617e-35,9.9999999877831494e-05,9.9999999907856865e-15,9.9999999907868617e-35,9.9999999907868617e-35,9.9999999907868617e-35,9.9999999907856865e-15,9.9999999907868617e-35,9.9999999907868617e-35,9.9999999907868617e-35,9.9999999907868617e-35,
1.6409750613203045e+02,3.9787818424235529e+05,1.6285981096505024e+07,0.0000000000000000e+00,1.4064314295897812e+18,1.4064305893861916e+18,7.5123266685113251e+07,1.6409750614853510e-28,1.6409750609921093e+02,1.6409750614845545e-08,1.6409750614853510e-28,1.6409750614853510e-28,1.6409750614853510e-28,1.6409750614845545e-08,1.6409750614853510e-28,1.6409750614853510e-28,1.6409750614896966e-28,1.6409750614853510e-28,
4.7387557862526245e+07,-4.4253633893822609e+10,-5.7466978861751839e+10,0.0000000000000000e+00,1.6084085334038585e+25,1.6084085334038542e+25,1.0000147860678310e+07,4.7387557862526256e-23,4.7387557867267262e-03,4.7387557853048734e+07,4.7387557867277610e-23,4.7391641665796900e-23,4.7387557867277610e-23,4.7387557867267262e-03,4.7387557867277610e-23,4.7387557867277610e-23,4.7387557867277610e-23,4.7387557867277610e-23,
5.8691171572164004e+05,7.2157812235048831e+08,-1.5409210296366321e+12,0.0000000000000000e+00,2.0814999338346512e+22,2.0814991398180091e+22,1.0477909270419409e+07,1.2501829007625695e-24,2.9786537022841723e-04,5.8694995129648285e-05,5.8691171578072208e-25,1.2820536562726609e-24,5.8691171578072208e-25,5.8691171578049631e-05,5.8691171578072208e-25,5.8691171578072208e-25,5.9523572977453871e-25,5.8691171578072208e-25,
1.1595424014027615e-04,1.0805344597898845e+00,1.3520087114857147e+00,0.0000000000000000e+00,2.3939169037817382e+17,2.3939169037816090e+17,7.4999997862681523e+07,1.1595424015190117e-34,1.1595424011708531e-04,1.1595424015187374e-14,1.1595424015190117e-34,1.1595424015190117e-34,1.1595424015190117e-34,1.1595424015187374e-14,1.1595424015190117e-34,1.1595424015190117e-34,1.1595424015190117e-34,1.1595424015190117e-34,
5.8691171728897584e+05,9.3724035042499298e+10,5.3697160660539126e+08,0.0000000000000000e+00,2.0814999622963476e+22,2.0814991682796186e+22,1.0477930228698865e+07,1.2179391946747540e-24,2.9786531852030076e-04,5.8694995531427400e-05,5.8691171734805764e-25,1.2814535687948380e-24,5.8691171734805764e-25,5.8691171734783415e-05,5.8691171734805764e-25,5.8691171734805764e-25,5.9523596814247106e-25,5.8691171734805764e-25,
1.7671806892149761e-01,1.0215925018966775e+04,-3.9215258832222435e+10,0.0000000000000000e+00,2.4064282763849930e+17,2.4064282704792797e+17,7.4999997931577340e+07,1.7671806893924137e-31,1.7671806888615399e-01,1.7671806893917875e-11,1.7671806893924137e-31,1.7671806893924137e-31,1.7671806893924137e-31,1.7671806893917875e-11,1.7671806893924137e-31,1.7671806893924137e-31,1.7671806893924137e-31,1.7671806893924137e-31,
1.0000000002569252e-04,-1.7473652864814491e+00,-1.1661804469773983e+01,0.0000000000000000e+00,2.3939096143951965e+17,2.3939096143897926e+17,7.5000000016252443e+07,1.0000000003571955e-34,1.0000000000569251e-04,1.0000000003571158e-14,1.0000000003571955e-34,1.0000000003571955e-34,1.0000000003571955e-34,1.0000000003571158e-14,1.0000000003571955e-34,1.0000000003571955e-34,1.0000000003571955e-34,1.0000000003571955e-34,
4.7618498836919814e+06,-3.3909038306649232e+08,-5.7754991432289004e+08,0.0000000000000000e+00,4.9422513904839369e+23,4.9422499061375184e+23,1.0457653487857666e+07,4.7618498841347109e-24,4.7618498841690539e-04,4.7618498827396110e+06,4.7618498841716493e-24,4.7618498847337230e-24,4.7618498841716493e-24,4.7618498841690539e-04,4.7618498841716493e-24,4.7618498841716493e-24,4.7618498841716493e-24,4.7618498841716493e-24,
1.8614564362794090e+07,-1.9114132187324810e+09,-4.9987927876721486e+07,0.0000000000000000e+00,4.0070321459552158e+24,4.0070321459552148e+24,1.0236332950395705e+07,1.8614564362794097e-23,1.8614564364662948e-03,1.8614564359071176e+07,1.8614564364668414e-23,1.8614568587696530e-23,1.8614564364668414e-23,1.8614564364662948e-03,1.8614564364668414e-23,1.8614564364668414e-23,1.8614564364668414e-23,1.8614564364668414e-23,
9.9999999770321681e-05,-4.6211809941984603e+00,-8.9085383067340000e+00,0.0000000000000000e+00,2.3939096049889488e+17,2.3939096049842160e+17,7.4999999942584410e+07,9.9999999780347228e-35,9.9999999750321675e-05,9.9999999780337957e-15,9.9999999780347228e-35,9.9999999780347228e-35,9.9999999780347228e-35,9.9999999780337957e-15,9.9999999780347228e-35,9.9999999780347228e-35,9.9999999780347228e-35,9.9999999780347228e-35,
6.8029166653126481e+02,5.7092792804264814e+07,4.2762226254316002e+07,0.0000000000000000e+00,5.0836941328046141e+18,5.0836903930888172e+18,7.0322770806999028e+07,6.8029166659947968e-28,6.8029166639520645e+02,6.8029166659932395e-08,6.8029166659947968e-28,6.8029166659947968e-28,6.8029166659947968e-28,6.8029166659932395e-08,6.8029166659947968e-28,6.8029166659947968e-28,6.8029166660853956e-28,6.8029166659947968e-28,
1.6628289245680705e+05,2.1026513153592560e+10,-3.5391376796007935e+11,0.0000000000000000e+00,2.8284005465246421e+21,2.8283988875585693e+21,1.0503221204697412e+07,1.6628289247354130e-25,2.9841745061350597e-04,1.6628289247345402e-05,1.6628289247354130e-25,1.6628289247354130e-25,1.6628289247354130e-25,1.6628289247345402e-05,1.6628289247354130e-25,1.6628289247354130e-25,1.6628289421414120e-25,1.6628289247354130e-25,
2.2644227720484386e-04,4.3550359743547640e+00,-9.6836545121470336e+06,0.0000000000000000e+00,2.3939212747298336e+17,2.3939212747269370e+17,7.4999997839775324e+07,2.2644227722751216e-34,2.2644227715955538e-04,2.2644227722748159e-14,2.2644227722751216e-34,2.2644227722751216e-34,2.2644227722751216e-34,2.2644227722748159e-14,2.2644227722751216e-34,2.2644227722751216e-34,2.2644227722751216e-34,2.2644227722751216e-34,
9.9999999975688872e-05,-4.2029568691080605e+00,2.5603440366331105e+00,0.0000000000000000e+00,2.3939096115399197e+17,2.3939096115389926e+17,7.4999999993923888e+07,9.9999999985730637e-35,9.9999999955688865e-05,9.9999999985720182e-15,9.9999999985730637e-35,9.9999999985730637e-35,9.9999999985730637e-35,9.9999999985720182e-15,9.9999999985730637e-35,9.9999999985730637e-35,9.9999999985730637e-35,9.9999999985730637e-35,
4.1365327852144169e+00,1.3825191528207069e+05,3.4670725432929798e+05,0.0000000000000000e+00,2.6870651306376400e+17,2.6870649622363248e+17,7.5000076304997429e+07,4.1365327856307914e-30,4.1365327843871107e+00,4.1365327856285604e-10,4.1365327856307914e-30,4.1365327856307914e-30,4.1365327856307914e-30,4.1365327856285604e-10,4.1365327856307914e-30,4.1365327856307914e-30,4.1365327856307914e-30,4.1365327856307914e-30,
1.8614564380250029e+07,-4.3494844314617586e+09,-1.2346061791759928e+10,0.0000000000000000e+00,4.0070321579322293e+24,4.0070321579322282e+24,1.0236351096816504e+07,1.8614564380250029e-23,1.8614564382118857e-03,1.8614564376527116e+07,1.8614564382124437e-23,1.8614568605153720e-23,1.8614564382124437e-23,1.8614564382118857e-03,1.8614564382124437e-23,1.8614564382124437e-23,1.8614564382124437e-23,1.8614564382124437e-23,
1.6628289510447119e+05,1.0469267932179560e+10,-1.0369058550356090e+12,0.0000000000000000e+00,2.8284005387570889e+21,2.8283988805183571e+21,1.0503203402460285e+07,1.6628289512120742e-25,2.9841785058517243e-04,1.6628289512112133e-05,1.6628289512120742e-25,1.6628289512120742e-25,1.6628289512120742e-25,1.6628289512112133e-05,1.6628289512120742e-25,1.6628289512120742e-25,1.6628289686180780e-25,1.6628289512120742e-25,
9.9999999948645603e-05,-5.3438820367554900e+00,-3.8662886452612488e+00,0.0000000000000000e+00,2.3939096106766122e+17,2.3939096106753267e+17,7.4999999987159327e+07,9.9999999958690212e-35,9.9999999928645597e-05,9.9999999958676594e-15,9.9999999958690212e-35,9.9999999958690212e-35,9.9999999958690212e-35,9.9999999958676594e-15,9.9999999958690212e-35,9.9999999958690212e-35,9.9999999958690212e-35,9.9999999958690212e-35,
2.0765595009845953e-03,1.3452498531107096e+02,6.8681025662334960e-01,0.0000000000000000e+00,2.3940526726438842e+17,2.3940526725989472e+17,7.4999997750130922e+07,2.0765595011924280e-33,2.0765595005692835e-03,2.0765595011922678e-13,2.0765595011924280e-33,2.0765595011924280e-33,2.0765595011924280e-33,2.0765595011922678e-13,2.0765595011924280e-33,2.0765595011924280e-33,2.0765595011924280e-33,2.0765595011924280e-33,
9.9999999898067857e-05,-6.6451750959154374e+00,-6.7132348411920179e+02,0.0000000000000000e+00,2.3939096090628637e+17,2.3939096090610717e+17,7.4999999772284925e+07,9.9999999908105339e-35,9.9999999878067850e-05,9.9999999908094581e-15,9.9999999908105339e-35,9.9999999908105339e-35,9.9999999908105339e-35,9.9999999908094581e-15,9.9999999908105339e-35,9.9999999908105339e-35,9.9999999908105339e-35,9.9999999908105339e-35,
9.9999999701136545e-05,-3.2432932323542230e+00,-1.1397302194971660e+01,0.0000000000000000e+00,2.3939096031721021e+17,2.3939096031662979e+17,7.4999999928345799e+07,9.9999999711161067e-35,9.9999999681136539e-05,9.9999999711154162e-15,9.9999999711161067e-35,9.9999999711161067e-35,9.9999999711161067e-35,9.9999999711154162e-15,9.9999999711161067e-35,9.9999999711161067e-35,9.9999999711161067e-35,9.9999999711161067e-35,
2.0936274426546590e+06,-8.7109033504686475e+07,-1.7893309858935615e+08,0.0000000000000000e+00,1.3633625658835237e+23,1.3633621157876889e+23,1.0472805580200406e+07,2.0936274426546598e-24,2.9880202477500673e-04,1.8761503729285572e+06,2.0936274428642942e-24,2.0936287548485366e-24,2.0936274428642942e-24,2.0936274428636002e-04,2.0936274428642942e-24,2.0936274428642942e-24,2.0936274428642942e-24,2.0936274428642942e-24,
8.1367044938694155e+06,-1.7904511562308042e+09,-4.6012176451981572e+12,0.0000000000000000e+00,1.1355755490416306e+24,1.1355752203957515e+24,1.0361023870343138e+07,8.1367044938694160e-24,8.1367044946811470e-04,8.1367044922420746e+06,8.1367044946828008e-24,8.1367045096021310e-24,8.1367044946828008e-24,8.1367044946811470e-04,8.1367044946828008e-24,8.1367044946828008e-24,8.1367044946828008e-24,8.1367044946828008e-24,
9.9999973238395733e-05,-4.6622174647985632e+00,-5.9785485488043122e+00,0.0000000000000000e+00,2.3939087581171430e+17,2.3939087581156218e+17,7.4999993309590369e+07,9.9999973248414628e-35,9.9999973218395727e-05,9.9999973248404147e-15,9.9999973248414628e-35,9.9999973248414628e-35,9.9999973248414628e-35,9.9999973248404147e-15,9.9999973248414628e-35,9.9999973248414628e-35,9.9999973248414628e-35,9.9999973248414628e-35,
9.9999999797919221e-05,-7.1391127715865297e+00,-2.7375257091630658e+00,0.0000000000000000e+00,2.3939096058662595e+17,2.3939096058644672e+17,7.4999999067892566e+07,9.9999999807965205e-35,9.9999999777919215e-05,9.9999999807951718e-15,9.9999999807965205e-35,9.9999999807965205e-35,9.9999999807965205e-35,9.9999999807951718e-15,9.9999999807965205e-35,9.9999999807965205e-35,9.9999999807965205e-35,9.9999999807965205e-35,
2.2644230571331524e-04,1.0593328461199345e+01,-1.9585613935451130e+06,0.0000000000000000e+00,2.3939212775651984e+17,2.3939212775623018e+17,7.4999997839287296e+07,2.2644230573598048e-34,2.2644230566802676e-04,2.2644230573595365e-14,2.2644230573598048e-34,2.2644230573598048e-34,2.2644230573598048e-34,2.2644230573595365e-14,2.2644230573598048e-34,2.2644230573598048e-34,2.2644230573598048e-34,2.2644230573598048e-34,
9.9999999829163597e-05,-5.4954171985321363e+00,5.7188871489598396e+00,0.0000000000000000e+00,2.3939096068664816e+17,2.3939096068618621e+17,7.4999999957290843e+07,9.9999999839189170e-35,9.9999999809163590e-05,9.9999999839181538e-15,9.9999999839189170e-35,9.9999999839189170e-35,9.9999999839189170e-35,9.9999999839181538e-15,9.9999999839189170e-35,9.9999999839189170e-35,9.9999999839189170e-35,9.9999999839189170e-35,
1.1595422908542716e-04,1.3520168379092494e+00,1.0805334147605561e+00,0.0000000000000000e+00,2.3939169037805453e+17,2.3939169037804160e+17,7.4999997860259995e+07,1.1595422909705145e-34,1.1595422906223632e-04,1.1595422909702459e-14,1.1595422909705145e-34,1.1595422909705145e-34,1.1595422909705145e-34,1.1595422909702459e-14,1.1595422909705145e-34,1.1595422909705145e-34,1.1595422909705145e-34,1.1595422909705145e-34,
1.6403922981214978e+02,1.6187795547442671e+07,-2.0850413407086082e+10,0.0000000000000000e+00,1.4025301602085399e+18,1.4025293302355653e+18,7.5000734044211581e+07,1.6403922982860348e-28,1.6403922977934192e+02,1.6403922982856445e-08,1.6403922982860348e-28,1.6403922982860348e-28,1.6403922982860348e-28,1.6403922982856445e-08,1.6403922982860348e-28,1.6403922982860348e-28,1.6403922982896769e-28,1.6403922982860348e-28,
9.9999999982135375e-05,-4.5918852239201282e+00,-6.1779889564108644e+03,0.0000000000000000e+00,2.3939096117467520e+17,2.3939096117449459e+17,7.4999999884167820e+07,9.9999999992170139e-35,9.9999999962135369e-05,9.9999999992159432e-15,9.9999999992170139e-35,9.9999999992170139e-35,9.9999999992170139e-35,9.9999999992159432e-15,9.9999999992170139e-35,9.9999999992170139e-35,9.9999999992170139e-35,9.9999999992170139e-35,
9.9999999976420518e-05,-3.8663056942771803e+00,-4.7493903864117621e+00,0.0000000000000000e+00,2.3939096115644755e+17,2.3939096115626678e+17,7.4999999994109333e+07,9.9999999986457864e-35,9.9999999956420512e-05,9.9999999986446675e-15,9.9999999986457864e-35,9.9999999986457864e-35,9.9999999986457864e-35,9.9999999986446675e-15,9.9999999986457864e-35,9.9999999986457864e-35,9.9999999986457864e-35,9.9999999986457864e-35,
4.1353296655207457e+00,3.4649061122911674e+05,1.3808050213480441e+05,0.0000000000000000e+00,2.6869696986517818e+17,2.6869695304403210e+17,7.4999997892036006e+07,4.1353296659350675e-30,4.1353296646936792e+00,4.1353296659342013e-10,4.1353296659350675e-30,4.1353296659350675e-30,4.1353296659350675e-30,4.1353296659342013e-10,4.1353296659350675e-30,4.1353296659350675e-30,4.1353296659350675e-30,4.1353296659350675e-30,
2.6830079566014062e-02,1.7705628314106507e+03,-8.2564053445546560e+09,0.0000000000000000e+00,2.3958043008759507e+17,2.3958043000822995e+17,7.4999997923363239e+07,2.6830079568701872e-32,2.6830079560648049e-02,2.6830079568696061e-12,2.6830079568701872e-32,2.6830079568701872e-32,2.6830079568701872e-32,2.6830079568696061e-12,2.6830079568701872e-32,2.6830079568701872e-32,2.6830079568701872e-32,2.6830079568701872e-32,
9.9999999565855301e-05,-5.0908685542995551e+00,2.3185289776290068e+00,0.0000000000000000e+00,2.3939095984644858e+17,2.3939095984573786e+17,7.4999999891463771e+07,9.9999999575879659e-35,9.9999999545855294e-05,9.9999999575873573e-15,9.9999999575879659e-35,9.9999999575879659e-35,9.9999999575879659e-35,9.9999999575873573e-15,9.9999999575879659e-35,9.9999999575879659e-35,9.9999999575879659e-35,9.9999999575879659e-35,
9.9999964664975534e-05,-5.0139886144663901e+00,1.8825778851706241e+00,0.0000000000000000e+00,2.3939084844636678e+17,2.3939084844622346e+17,7.4999991166233525e+07,9.9999964674981537e-35,9.9999964644975528e-05,9.9999964674975887e-15,9.9999964674981537e-35,9.9999964674981537e-35,9.9999964674981537e-35,9.9999964674975887e-15,9.9999964674981537e-35,9.9999964674981537e-35,9.9999964674981537e-35,9.9999964674981537e-35,
6.8029154916803122e+02,4.2762560359183110e+07,5.7092480867987156e+07,0.0000000000000000e+00,5.0836932591085353e+18,5.0836895193972705e+18,7.0322879026959032e+07,6.8029154923624430e-28,6.8029154903197286e+02,6.8029154923609169e-08,6.8029154923624430e-28,6.8029154923624430e-28,6.8029154923624430e-28,6.8029154923609169e-08,6.8029154923624430e-28,6.8029154923624430e-28,6.8029154924530677e-28,6.8029154923624430e-28,
4.7618498903809274e+06,-5.7424490065865016e+08,-2.2497983416941528e+12,0.0000000000000000e+00,4.9421997668944983e+23,4.9421982824966374e+23,1.0457296711951116e+07,4.7618498908261420e-24,4.7618498908579910e-04,4.7618498894285569e+06,4.7618498908605825e-24,4.7618498913977929e-24,4.7618498908605825e-24,4.7618498908579910e-04,4.7618498908605825e-24,4.7618498908605825e-24,4.7618498908605825e-24,4.7618498908605825e-24,
2.6830076069392091e-02,1.0601279082860499e+03,-1.6449402467209494e+10,0.0000000000000000e+00,2.3958043005910083e+17,2.3958042997973571e+17,7.4999997924851879e+07,2.6830076072079907e-32,2.6830076064026077e-02,2.6830076072074074e-12,2.6830076072079907e-32,2.6830076072079907e-32,2.6830076072079907e-32,2.6830076072074074e-12,2.6830076072079907e-32,2.6830076072079907e-32,2.6830076072079907e-32,2.6830076072079907e-32,
9.9999999737847251e-05,-9.9839926627412829e+00,-5.4798066096093683e+00,0.0000000000000000e+00,2.3939096039532531e+17,2.3939096039471398e+17,7.4999999934461638e+07,9.9999999747870657e-35,9.9999999717847245e-05,9.9999999747864577e-15,9.9999999747870657e-35,9.9999999747870657e-35,9.9999999747870657e-35,9.9999999747864577e-15,9.9999999747870657e-35,9.9999999747870657e-35,9.9999999747870657e-35,9.9999999747870657e-35,
9.9999999555595089e-05,-1.1989281410558423e+01,-2.5793939774239694e-01,0.0000000000000000e+00,2.3939095981369664e+17,2.3939095981298768e+17,7.4999999757846758e+07,9.9999999565620134e-35,9.9999999535595082e-05,9.9999999565613032e-15,9.9999999565620134e-35,9.9999999565620134e-35,9.9999999565620134e-35,9.9999999565613032e-15,9.9999999565620134e-35,9.9999999565620134e-35,9.9999999565620134e-35,9.9999999565620134e-35,
9.9999999829715537e-05,-8.0785566787711485e+00,3.9722658273655829e+00,0.0000000000000000e+00,2.3939096068840832e+17,2.3939096068794637e+17,7.4999999957428709e+07,9.9999999839740251e-35,9.9999999809715530e-05,9.9999999839733188e-15,9.9999999839740251e-35,9.9999999839740251e-35,9.9999999839740251e-35,9.9999999839733188e-15,9.9999999839740251e-35,9.9999999839740251e-35,9.9999999839740251e-35,9.9999999839740251e-35,
9.9999999958861078e-05,-2.7406484006627059e+00,-5.5104024109700118e+00,0.0000000000000000e+00,2.3939096112204192e+17,2.3939096112186125e+17,7.4999999968421862e+07,9.9999999968963828e-35,9.9999999938861072e-05,9.9999999968933900e-15,9.9999999968963828e-35,9.9999999968963828e-35,9.9999999968963828e-35,9.9999999968933900e-15,9.9999999968963828e-35,9.9999999968963828e-35,9.9999999968963828e-35,9.9999999968963828e-35,
2.0936274825713332e+06,-1.7917121116053867e+08,-8.7129944061868787e+07,0.0000000000000000e+00,1.3633625478930692e+23,1.3633620977970170e+23,1.0472785833111854e+07,2.0936274825713336e-24,2.9880152237350102e-04,1.8761507898551638e+06,2.0936274827809706e-24,2.0936287938690389e-24,2.0936274827809706e-24,2.0936274827802786e-04,2.0936274827809706e-24,2.0936274827809706e-24,2.0936274827809706e-24,2.0936274827809706e-24,
4.1781009787513944e+05,4.6156794038878052e+10,-1.5042282247343962e+12,0.0000000000000000e+00,1.1948276444959550e+22,1.1948271345919280e+22,1.0477956990378248e+07,4.1781010571368069e-25,2.9916200462660537e-04,4.1781010296064977e-05,4.1781009791719604e-25,4.1781009791729348e-25,4.1781009791719604e-25,4.1781009791706954e-05,4.1781009791719604e-25,4.1781009791719604e-25,4.1782606410744978e-25,4.1781009791719604e-25,
9.9999973261939143e-05,-6.3911009759615558e+00,-5.3943562145508883e+00,0.0000000000000000e+00,2.3939087588686093e+17,2.3939087588670880e+17,7.4999993315476149e+07,9.9999973271956767e-35,9.9999973241939136e-05,9.9999973271947022e-15,9.9999973271956767e-35,9.9999973271956767e-35,9.9999973271956767e-35,9.9999973271947022e-15,9.9999973271956767e-35,9.9999973271956767e-35,9.9999973271956767e-35,9.9999973271956767e-35,
9.9999999567356284e-05,-1.1843533501416998e+01,-3.6409456368419066e+00,0.0000000000000000e+00,2.3939095985123741e+17,2.3939095985052877e+17,7.4999999807425141e+07,9.9999999577381432e-35,9.9999999547356277e-05,9.9999999577375043e-15,9.9999999577381432e-35,9.9999999577381432e-35,9.9999999577381432e-35,9.9999999577375043e-15,9.9999999577381432e-35,9.9999999577381432e-35,9.9999999577381432e-35,9.9999999577381432e-35,
9.9999999567075042e-05,-1.1420858103579253e+01,1.2324517382351263e+00,0.0000000000000000e+00,2.3939095985034093e+17,2.3939095984963021e+17,7.4999999891768634e+07,9.9999999577100963e-35,9.9999999547075035e-05,9.9999999577093231e-15,9.9999999577100963e-35,9.9999999577100963e-35,9.9999999577100963e-35,9.9999999577093231e-15,9.9999999577100963e-35,9.9999999577100963e-35,9.9999999577100963e-35,9.9999999577100963e-35,
9.9999999948749036e-05,-3.8663057550047921e+00,8.6151830005950958e-01,0.0000000000000000e+00,2.3939096106799072e+17,2.3939096106786218e+17,7.4999999987185135e+07,9.9999999958792333e-35,9.9999999928749030e-05,9.9999999958778405e-15,9.9999999958792333e-35,9.9999999958792333e-35,9.9999999958792333e-35,9.9999999958778405e-15,9.9999999958792333e-35,9.9999999958792333e-35,9.9999999958792333e-35,9.9999999958792333e-35,
9.9999999982135606e-05,-4.5918852239012917e+00,-4.5918711223166069e+00,0.0000000000000000e+00,2.3939096117467728e+17,2.3939096117449667e+17,7.4999999884173185e+07,9.9999999992170802e-35,9.9999999962135599e-05,9.9999999992159937e-15,9.9999999992170802e-35,9.9999999992170802e-35,9.9999999992170802e-35,9.9999999992159937e-15,9.9999999992170802e-35,9.9999999992170802e-35,9.9999999992170802e-35,9.9999999992170802e-35,
1.6403922981214976e+02,1.6187795547442671e+07,1.9112200883984272e+05,0.0000000000000000e+00,1.4025301602085399e+18,1.4025293302355653e+18,7.5000734044211298e+07,1.6403922982860348e-28,1.6403922977934189e+02,1.6403922982856441e-08,1.6403922982860348e-28,1.6403922982860348e-28,1.6403922982860348e-28,1.6403922982856441e-08,1.6403922982860348e-28,1.6403922982860348e-28,1.6403922982896769e-28,1.6403922982860348e-28,
1.1595422908542716e-04,1.3520168380254505e+00,-2.2802504303920690e+07,0.0000000000000000e+00,2.3939169037805453e+17,2.3939169037804160e+17,7.4999997860255584e+07,1.1595422909705179e-34,1.1595422906223632e-04,1.1595422909702463e-14,1.1595422909705179e-34,1.1595422909705179e-34,1.1595422909705179e-34,1.1595422909702463e-14,1.1595422909705179e-34,1.1595422909705179e-34,1.1595422909705179e-34,1.1595422909705179e-34,
9.9999999842999832e-05,-4.6847805138841041e+00,-7.3834532910793689e+00,0.0000000000000000e+00,2.3939096073072128e+17,2.3939096073035216e+17,7.4999999960750088e+07,9.9999999853024405e-35,9.9999999822999826e-05,9.9999999853016833e-15,9.9999999853024405e-35,9.9999999853024405e-35,9.9999999853024405e-35,9.9999999853016833e-15,9.9999999853024405e-35,9.9999999853024405e-35,9.9999999853024405e-35,9.9999999853024405e-35,
2.6830079566014062e-02,1.7705628314106507e+03,1.0601189326566246e+03,0.0000000000000000e+00,2.3958043008759514e+17,2.3958043000823002e+17,7.4999997923363209e+07,2.6830079568701872e-32,2.6830079560648049e-02,2.6830079568696057e-12,2.6830079568701872e-32,2.6830079568701872e-32,2.6830079568701872e-32,2.6830079568696057e-12,2.6830079568701872e-32,2.6830079568701872e-32,2.6830079568701872e-32,2.6830079568701872e-32,
4.1353296655207457e+00,3.4649061122911674e+05,-2.1026928874578815e+10,0.0000000000000000e+00,2.6869696986517818e+17,2.6869695304403210e+17,7.4999997892036065e+07,4.1353296659350668e-30,4.1353296646936792e+00,4.1353296659342008e-10,4.1353296659350668e-30,4.1353296659350668e-30,4.1353296659350668e-30,4.1353296659342008e-10,4.1353296659350668e-30,4.1353296659350668e-30,4.1353296659350668e-30,4.1353296659350668e-30,
9.9999999798067296e-05,-2.7375399215661989e+00,-2.0785398020826312e+05,0.0000000000000000e+00,2.3939096058709610e+17,2.3939096058691686e+17,7.4999999088553801e+07,9.9999999808112614e-35,9.9999999778067290e-05,9.9999999808098698e-15,9.9999999808112614e-35,9.9999999808112614e-35,9.9999999808112614e-35,9.9999999808098698e-15,9.9999999808112614e-35,9.9999999808112614e-35,9.9999999808112614e-35,9.9999999808112614e-35,
9.9999973261939075e-05,-6.3911009759286008e+00,2.5020764146554400e+00,0.0000000000000000e+00,2.3939087588686096e+17,2.3939087588670883e+17,7.4999993315476149e+07,9.9999973271958007e-35,9.9999973241939069e-05,9.9999973271947227e-15,9.9999973271958007e-35,9.9999973271958007e-35,9.9999973271958007e-35,9.9999973271947227e-15,9.9999973271958007e-35,9.9999973271958007e-35,9.9999973271958007e-35,9.9999973271958007e-35,
2.6830076069427354e-02,1.0601298625639072e+03,1.7705578087642216e+03,0.0000000000000000e+00,2.3958043027438886e+17,2.3958043019502365e+17,7.4999998183321938e+07,2.6830076072115142e-32,2.6830076064061341e-02,2.6830076072109221e-12,2.6830076072115142e-32,2.6830076072115142e-32,2.6830076072115142e-32,2.6830076072109221e-12,2.6830076072115142e-32,2.6830076072115142e-32,2.6830076072115142e-32,2.6830076072115142e-32,
4.7618498903809274e+06,-5.7424490073527217e+08,-2.5858363411071782e+09,0.0000000000000000e+00,4.9421997668944983e+23,4.9421982824966374e+23,1.0457296712048337e+07,4.7618498908261420e-24,4.7618498908579931e-04,4.7618498894285569e+06,4.7618498908605832e-24,4.7618498913977959e-24,4.7618498908605832e-24,4.7618498908579931e-04,4.7618498908605832e-24,4.7618498908605832e-24,4.7618498908605832e-24,4.7618498908605832e-24,
6.8029154916801951e+02,4.2762560111748509e+07,-3.1849902733185999e+11,0.0000000000000000e+00,5.0836932513300388e+18,5.0836895116188017e+18,7.0322742863096759e+07,6.8029154923623075e-28,6.8029154903196115e+02,6.8029154923607753e-08,6.8029154923623075e-28,6.8029154923623075e-28,6.8029154923623075e-28,6.8029154923607753e-08,6.8029154923623075e-28,6.8029154923623075e-28,6.8029154924529126e-28,6.8029154923623075e-28,
9.9999999829715537e-05,-8.0785566788621406e+00,-5.4954257431061722e+00,0.0000000000000000e+00,2.3939096068840832e+17,2.3939096068794637e+17,7.4999999957428709e+07,9.9999999839740251e-35,9.9999999809715530e-05,9.9999999839733188e-15,9.9999999839740251e-35,9.9999999839740251e-35,9.9999999839740251e-35,9.9999999839733188e-15,9.9999999839740251e-35,9.9999999839740251e-35,9.9999999839740251e-35,9.9999999839740251e-35,
9.9999999555595089e-05,-1.1989281410558423e+01,-1.8103063291603703e+00,0.0000000000000000e+00,2.3939095981369664e+17,2.3939095981298768e+17,7.4999999757846758e+07,9.9999999565620134e-35,9.9999999535595082e-05,9.9999999565613032e-15,9.9999999565620134e-35,9.9999999565620134e-35,9.9999999565620134e-35,9.9999999565613032e-15,9.9999999565620134e-35,9.9999999565620134e-35,9.9999999565620134e-35,9.9999999565620134e-35,
9.9999999737847238e-05,-9.9839926625906674e+00,3.5428693446999517e+00,0.0000000000000000e+00,2.3939096039532531e+17,2.3939096039471398e+17,7.4999999934461638e+07,9.9999999747871084e-35,9.9999999717847231e-05,9.9999999747865066e-15,9.9999999747871084e-35,9.9999999747871084e-35,9.9999999747871084e-35,9.9999999747865066e-15,9.9999999747871084e-35,9.9999999747871084e-35,9.9999999747871084e-35,9.9999999747871084e-35,
9.9999999704964470e-05,-4.1885767848575659e+00,-1.0354708694670292e+01,0.0000000000000000e+00,2.3939096031557584e+17,2.3939096031500147e+17,7.4999999928218260e+07,9.9999999714989557e-35,9.9999999684964464e-05,9.9999999714981005e-15,9.9999999714989557e-35,9.9999999714989557e-35,9.9999999714989557e-35,9.9999999714981005e-15,9.9999999714989557e-35,9.9999999714989557e-35,9.9999999714989557e-35,9.9999999714989557e-35,
4.1781009787513973e+05,4.6156794062529900e+10,4.6156379763465981e+10,0.0000000000000000e+00,1.1948276445786325e+22,1.1948271346746053e+22,1.0477958664719354e+07,4.1781011048293733e-25,2.9916200462686829e-04,4.1781010296064991e-05,4.1781009791719687e-25,4.1781009791729412e-25,4.1781009791719687e-25,4.1781009791706961e-05,4.1781009791719687e-25,4.1781009791719687e-25,4.1782606410763005e-25,4.1781009791719687e-25,
2.0936274825713332e+06,-1.7917121181161988e+08,-2.6662089876860454e+12,0.0000000000000000e+00,1.3633625478929807e+23,1.3633620977969284e+23,1.0472785832842961e+07,2.0936274825713336e-24,2.9880152237462323e-04,1.8761507898551638e+06,2.0936274827809724e-24,2.0936287938690653e-24,2.0936274827809724e-24,2.0936274827802862e-04,2.0936274827809724e-24,2.0936274827809724e-24,2.0936274827809724e-24,2.0936274827809724e-24,
9.9999964664975507e-05,-5.0078006767030407e+00,-5.0493459812548425e+00,0.0000000000000000e+00,2.3939084844636678e+17,2.3939084844622346e+17,7.4999991166233540e+07,9.9999964674981579e-35,9.9999964644975501e-05,9.9999964674976407e-15,9.9999964674981579e-35,9.9999964674981579e-35,9.9999964674981579e-35,9.9999964674976407e-15,9.9999964674981579e-35,9.9999964674981579e-35,9.9999964674981579e-35,9.9999964674981579e-35,
9.9999999567075042e-05,-1.1420858103579253e+01,-5.0908777497699900e+00,0.0000000000000000e+00,2.3939095985034090e+17,2.3939095984963018e+17,7.4999999891768634e+07,9.9999999577101347e-35,9.9999999547075035e-05,9.9999999577093152e-15,9.9999999577101347e-35,9.9999999577101347e-35,9.9999999577101347e-35,9.9999999577093152e-15,9.9999999577101347e-35,9.9999999577101347e-35,9.9999999577101347e-35,9.9999999577101347e-35,
9.9999999567356284e-05,-1.1843533501416998e+01,-3.3860471123956827e-02,0.0000000000000000e+00,2.3939095985123741e+17,2.3939095985052877e+17,7.4999999807425141e+07,9.9999999577381432e-35,9.9999999547356277e-05,9.9999999577375043e-15,9.9999999577381432e-35,9.9999999577381432e-35,9.9999999577381432e-35,9.9999999577375043e-15,9.9999999577381432e-35,9.9999999577381432e-35,9.9999999577381432e-35,9.9999999577381432e-35,

98,18
3.3316726313747662e-03,2.1240789370939001e-01,1.1989188809221353e+01,0.0000000000000000e+00,2.3941418975748109e+17,2.3941418975742035e+17,7.5000055139840037e+07,3.3316726317079225e-33,3.3316726307084320e-03,3.3316726317076706e-13,3.3316726317079225e-33,3.3316726317079225e-33,3.3316726317079225e-33,3.3316726317076706e-13,3.3316726317079225e-33,3.3316726317079225e-33,3.3316726317079225e-33,3.3316726317079225e-33,
1.0000005550695193e-04,-3.5428691012525819e+00,9.9838147575157699e+00,0.0000000000000000e+00,2.3939113840364304e+17,2.3939113840310154e+17,7.5000013876743764e+07,1.0000005551697445e-34,1.0000005548695192e-04,1.0000005551696681e-14,1.0000005551697445e-34,1.0000005551697445e-34,1.0000005551697445e-34,1.0000005551696681e-14,1.0000005551697445e-34,1.0000005551697445e-34,1.0000005551697445e-34,1.0000005551697445e-34,
5.8682539874027576e+06,2.2837099726385414e+13,3.0594678189789504e+13,0.0000000000000000e+00,5.9039053149304079e+24,5.9038916467022698e+24,4.2184034465206423e+09,4.4040746876679169e-06,1.3736354139149401e+06,5.8682539862291068e+06,2.0075374632657276e-17,8.1363727051142802e-10,5.8682539879920833e-24,6.9059773535082059e+03,1.2433188984546732e-16,5.8682539879920833e-24,7.2289265510803915e+05,3.1505049342083864e-17,
9.7414732496569052e+07,8.2762023105056639e+09,5.7466978858816910e+10,0.0000000000000000e+00,4.5944638163882133e+25,4.5944638163856845e+25,1.0349818411831537e+07,9.7414732496569058e-23,9.7414732506307510e-03,9.7414732477086112e+07,9.7414732506324109e-23,9.8163751939944420e-23,9.7414732506324109e-23,9.7414732506307510e-03,9.7414732506324109e-23,9.7414732506324109e-23,9.7414732506324109e-23,9.7414732506324109e-23,
7.3873335224303755e+05,2.0852120582813908e+10,-1.6187721500399722e+07,0.0000000000000000e+00,3.0264336230729214e+22,3.0264325418719333e+22,1.3561775953436291e+08,1.9757962281491819e-21,7.3873335209465679e+05,7.4507469940829791e-05,7.3873335231700095e-25,5.0873921258507670e-22,7.3873335231700095e-25,7.3873335231671377e-05,7.3873335231700095e-25,7.3873335231700362e-25,1.1925111812493419e-24,7.3873335231700095e-25,
3.6194074226435303e+05,3.9215604478504875e+10,3.9215258833760048e+10,0.0000000000000000e+00,9.4443157123601195e+21,9.4443114634599528e+21,8.7320824752024233e+07,3.6194074232722382e-25,3.6194074219196494e+05,3.6194074236737755e-05,3.6194074230061977e-25,3.6194074230061977e-25,3.6194074230061977e-25,3.6194074230048926e-05,3.6194074230061977e-25,3.6194074230061977e-25,3.6194174013214323e-25,3.6194074230061977e-25,
5.8682481517517287e+06,1.5409347828885046e+12,-5.3697160660539126e+08,0.0000000000000000e+00,6.8460603119061913e+23,6.8460582886974838e+23,1.7490190703654271e+08,1.7564018798545866e-18,1.3737602347703299e+06,5.8682481505780797e+06,5.8682481523392460e-24,8.6973165560478254e-19,5.8682481523392460e-24,5.8682481523382175e-04,5.8682481523392460e-24,5.8682481523392460e-24,4.7659937183359651e-22,5.8682481523392460e-24,
3.6877233770249660e+02,2.2802676174032055e+07,-1.3520086607838919e+00,0.0000000000000000e+00,2.8582987924956508e+18,2.8582968372016148e+18,7.5002634031099811e+07,3.6877233773947458e-28,3.6877233762874215e+02,3.6877233773939726e-08,3.6877233773947458e-28,3.6877233773947458e-28,3.6877233773947458e-28,3.6877233773939726e-08,3.6877233773947458e-28,3.6877233773947458e-28,3.6877233774230910e-28,3.6877233773947458e-28,
4.0232760706156705e+02,3.2768799377174703e+06,4.7470292776585303e+07,0.0000000000000000e+00,3.2547487584938097e+18,3.2547459579357312e+18,7.8032194485318214e+07,4.0232760710203903e-28,4.0232760698110155e+02,4.0232760710184541e-08,4.0232760710203903e-28,4.0232760710203903e-28,4.0232760710203903e-28,4.0232760710184541e-08,4.0232760710203903e-28,4.0232760710203903e-28,4.0232760711259810e-28,4.0232760710203903e-28,
6.5422499323017970e+07,4.1049042109917798e+09,4.9723170884387545e+07,0.0000000000000000e+00,2.5785053896226097e+25,2.5785053896225826e+25,1.0470921879078345e+07,6.5422499323017979e-23,6.5422499329553657e-03,6.5422499309933469e+07,6.5422499329566517e-23,6.5466851569695523e-23,6.5422499329566517e-23,6.5422499329553657e-03,6.5422499329566517e-23,6.5422499329566517e-23,6.5422499329566517e-23,6.5422499329566517e-23,
2.3920639009518109e+07,2.2499751762807231e+12,5.7277996993285704e+08,0.0000000000000000e+00,5.8385680285250713e+24,5.8385680285250509e+24,1.0479266691517930e+07,2.3920639009518114e-23,2.3920639011906436e-03,2.3920639004733980e+07,2.3920639011915373e-23,2.3920664850973922e-23,2.3920639011915373e-23,2.3920639011906436e-03,2.3920639011915373e-23,2.3920639011915373e-23,2.3920639011915373e-23,2.3920639011915373e-23,
1.7189072142351231e-02,6.7133029571631187e+02,1.1165490836920426e+03,0.0000000000000000e+00,2.3951209295527046e+17,2.3951209290589706e+17,7.5000052292657122e+07,1.7189072144076988e-32,1.7189072138913419e-02,1.7189072144072852e-12,1.7189072144076988e-32,1.7189072144076988e-32,1.7189072144076988e-32,1.7189072144072852e-12,1.7189072144076988e-32,1.7189072144076988e-32,1.7189072144076988e-32,1.7189072144076988e-32,
4.4531810520542152e+06,1.0369781697685402e+12,3.5391376796008154e+11,0.0000000000000000e+00,4.4499354539986463e+23,4.4499341096865675e+23,1.7489410097840905e+08,1.7830320824542180e-18,1.3737963529553388e+06,4.4531810511635784e+06,4.4531810525019640e-24,1.0854687432526793e-18,4.4531810525019640e-24,4.4531810524994775e-04,4.4531810525019640e-24,4.4531810525019640e-24,4.7659783103267156e-22,4.4531810525019640e-24,
1.8827225084878544e+06,3.1850182131135034e+11,-4.2762226254313797e+07,0.0000000000000000e+00,1.1855272825819572e+23,1.1855268928209532e+23,1.7487945577232003e+08,1.6400289055746859e-18,1.3737759627357319e+06,1.2073963828232356e+06,1.8827225086761657e-24,7.9854198609230090e-19,1.8827225086761657e-24,1.8827225102211004e-04,1.8827225086761657e-24,1.8827225086761657e-24,4.7649830704938069e-22,1.8827225086761657e-24,
1.4693994755043808e-03,3.3645060798525528e-02,1.1843378562439254e+01,0.0000000000000000e+00,2.3940097020147462e+17,2.3940097020143363e+17,7.5000055218365312e+07,1.4693994756513760e-33,1.4693994752105009e-03,1.4693994756513573e-13,1.4693994756513760e-33,1.4693994756513760e-33,1.4693994756513760e-33,1.4693994756513573e-13,1.4693994756513760e-33,1.4693994756513760e-33,1.4693994756513760e-33,1.4693994756513760e-33,
1.0000003517843232e-04,-2.5022133559974984e+00,6.3910082640565760e+00,0.0000000000000000e+00,2.3939107351719386e+17,2.3939107351688250e+17,7.5000008794613525e+07,1.0000003518845807e-34,1.0000003515843231e-04,1.0000003518844918e-14,1.0000003518845807e-34,1.0000003518845807e-34,1.0000003518845807e-34,1.0000003518844918e-14,1.0000003518845807e-34,1.0000003518845807e-34,1.0000003518845807e-34,1.0000003518845807e-34,
4.4531810439002402e+06,3.5396245874974390e+11,1.0369297464828964e+12,0.0000000000000000e+00,4.4499824884859042e+23,4.4499811442123372e+23,1.9008686487399697e+08,8.3626703192056953e-18,1.3737972949211530e+06,4.4531810430096034e+06,4.4531810443479902e-24,2.6941878706871274e-18,4.4531810443479902e-24,4.4531810443455128e-04,4.4531810443479902e-24,4.4531810443479902e-24,2.8312997336648250e-21,4.4531810443479902e-24,
6.5422499243524119e+07,7.9455692989248574e+07,1.2346061804235668e+10,0.0000000000000000e+00,2.5785053877257743e+25,2.5785053877256437e+25,1.0470906577509290e+07,6.5422499243524127e-23,6.5422499250063753e-03,6.5422499230439618e+07,6.5422499250077919e-23,6.5466851499176135e-23,6.5422499250077919e-23,6.5422499250063753e-03,6.5422499250077919e-23,6.5422499250077919e-23,6.5422499250077919e-23,6.5422499250077919e-23,
5.2820238658181822e+05,2.1028385113972286e+10,-3.4648989762238279e+05,0.0000000000000000e+00,1.7527912403887263e+22,1.7527905494086344e+22,1.1036731836136159e+08,5.3119809089598024e-25,5.2820238647617749e+05,5.2820527138387580e-05,5.2820238663507731e-25,5.2820238663542592e-25,5.2820238663507731e-25,5.2820238663484455e-05,5.2820238663507731e-25,5.2820238663507731e-25,5.2945347438344840e-25,5.2820238663507731e-25,
1.7189074374493556e-02,1.1165521960450160e+03,6.7132348411920179e+02,0.0000000000000000e+00,2.3951209282352938e+17,2.3951209277415603e+17,7.5000052324035421e+07,1.7189074376219385e-32,1.7189074371055744e-02,1.7189074376215139e-12,1.7189074376219385e-32,1.7189074376219385e-32,1.7189074376219385e-32,1.7189074376215139e-12,1.7189074376219385e-32,1.7189074376219385e-32,1.7189074376219385e-32,1.7189074376219385e-32,
4.0219542742613083e+02,4.1521567180344574e+07,-6.8681025662334938e-01,0.0000000000000000e+00,3.0964504935760952e+18,3.0964483502698547e+18,7.5002961905535251e+07,4.0219542746641649e-28,4.0219542734569171e+02,4.0219542746634375e-08,4.0219542746641649e-28,4.0219542746641649e-28,4.0219542746641649e-28,4.0219542746634375e-08,4.0219542746641649e-28,4.0219542746641649e-28,4.0219542746968539e-28,4.0219542746641649e-28,
1.0000016696391260e-04,-8.6152243222034253e-01,3.8662886452063221e+00,0.0000000000000000e+00,2.3939149416071328e+17,2.3939149416070720e+17,7.5000041740985602e+07,1.0000016697394774e-34,1.0000016694391257e-04,1.0000016697392406e-14,1.0000016697394774e-34,1.0000016697394774e-34,1.0000016697394774e-34,1.0000016697392406e-14,1.0000016697394774e-34,1.0000016697394774e-34,1.0000016697394774e-34,1.0000016697394774e-34,
9.9675929926928760e+01,1.9827625139145157e+06,9.7260737005146798e+06,0.0000000000000000e+00,9.4769087561033626e+17,9.4769038136936512e+17,7.5081658890043259e+07,9.9675929936940303e-29,9.9675929906993574e+01,9.9675929936897928e-09,9.9675929936940303e-29,9.9675929936940303e-29,9.9675929936940303e-29,9.9675929936897928e-09,9.9675929936940303e-29,9.9675929936940303e-29,9.9675929936975974e-29,9.9675929936940303e-29,
4.5402408451401882e+07,4.6013064482111953e+12,4.6012175974150801e+12,0.0000000000000000e+00,1.5103401735554709e+25,1.5103401735554681e+25,1.0479282219607087e+07,4.5402408451401886e-23,4.5402408455938624e-03,4.5402408442321397e+07,4.5402408455948257e-23,4.5405377708130404e-23,4.5402408455948257e-23,4.5402408455938624e-03,4.5402408455948257e-23,4.5402408455948257e-23,4.5402408455948257e-23,4.5402408455948257e-23,
1.7626785003329720e+07,2.6663813926359385e+12,1.7876568827266490e+08,0.0000000000000000e+00,3.6908899224121497e+24,3.6908899224121486e+24,2.7688819129593994e+07,1.7626785003329728e-23,2.1747706951484218e+05,1.7626784999804366e+07,1.7626785005096957e-23,1.7626787868405979e-23,1.7626785005096957e-23,1.7626785005090534e-03,1.7626785005096957e-23,1.7626785005096957e-23,1.7626785005096957e-23,1.7626785005096957e-23,
1.0000003005242647e-04,-2.5639994340633216e+00,-2.5407566573247213e+00,0.0000000000000000e+00,2.3939105715542902e+17,2.3939105715530397e+17,7.5000007513113618e+07,1.0000003006246586e-34,1.0000003003242646e-04,1.0000003006245186e-14,1.0000003006246586e-34,1.0000003006246586e-34,1.0000003006246586e-34,1.0000003006245186e-14,1.0000003006246586e-34,1.0000003006246586e-34,1.0000003006246586e-34,1.0000003006246586e-34,
9.9642392854726992e+01,9.6836913745183479e+06,1.9585613935451130e+06,0.0000000000000000e+00,9.4563822286402202e+17,9.4563773306325261e+17,7.5000293950874090e+07,9.9642392864710592e-29,9.9642392834798514e+01,9.9642392864684676e-09,9.9642392864710592e-29,9.9642392864710592e-29,9.9642392864710592e-29,9.9642392864684676e-09,9.9642392864710592e-29,9.9642392864710592e-29,9.9642392864846260e-29,9.9642392864710592e-29,
2.5216187771328946e+00,2.0785431914782565e+05,2.7375257091687200e+00,0.0000000000000000e+00,2.5726138752034989e+17,2.5726137756803021e+17,7.5000067208087370e+07,2.5216187773853393e-30,2.5216187766285709e+00,2.5216187773848431e-10,2.5216187773853393e-30,2.5216187773853393e-30,2.5216187773853393e-30,2.5216187773848431e-10,2.5216187773853393e-30,2.5216187773853393e-30,2.5216187773853393e-30,2.5216187773853393e-30,
4.0219511508694541e+02,2.9641608296895144e+06,-1.3450699901307459e+02,0.0000000000000000e+00,3.0964482223178634e+18,3.0964460789604321e+18,7.5002961020044476e+07,4.0219511512723490e-28,4.0219511500650640e+02,4.0219511512714044e-08,4.0219511512723490e-28,4.0219511512723490e-28,4.0219511512723490e-28,4.0219511512714044e-08,4.0219511512723490e-28,4.0219511512723490e-28,4.0219511513050574e-28,4.0219511512723490e-28,
1.7189072142327174e-02,6.7132895089486306e+02,6.6476428861762562e+00,0.0000000000000000e+00,2.3951209280675789e+17,2.3951209275738458e+17,7.5000052323355943e+07,1.7189072144052898e-32,1.7189072138889362e-02,1.7189072144048586e-12,1.7189072144052898e-32,1.7189072144052898e-32,1.7189072144052898e-32,1.7189072144048586e-12,1.7189072144052898e-32,1.7189072144052898e-32,1.7189072144052898e-32,1.7189072144052898e-32,
7.3878861299127433e+05,6.8376262842755391e+12,1.8328061139365023e+13,0.0000000000000000e+00,1.8195275104545441e+24,1.8192997457697027e+24,3.2079726419900656e+09,3.1260480641631953e-12,7.3729347680674226e+05,1.5651738913777797e+03,6.8536443215719646e-18,1.7583986828300612e-15,7.3878861299127437e-25,1.6296426775231371e+01,5.8640078968093543e-18,7.3878861299127437e-25,1.3591402414049312e+03,1.9617871942510098e-18,
9.7414732496569052e+07,8.2762023094215508e+09,9.5161294610763863e+07,0.0000000000000000e+00,4.5944638163882108e+25,4.5944638163856819e+25,1.0349818418019619e+07,9.7414732496569058e-23,9.7414732506307805e-03,9.7414732477086112e+07,9.7414732506324051e-23,9.8163751939943338e-23,9.7414732506324051e-23,9.7414732506307805e-03,9.7414732506324051e-23,9.7414732506324051e-23,9.7414732506324051e-23,9.7414732506324051e-23,
5.8682483758416399e+06,3.4652962632300061e+11,-9.3723561064667282e+10,0.0000000000000000e+00,6.8460606941660264e+23,6.8460586709479961e+23,1.7490160692874163e+08,1.6818225087067835e-18,1.3737613808335674e+06,5.8682483746679910e+06,5.8682483764295072e-24,8.7678917801211067e-19,5.8682483764295072e-24,5.8682483764283075e-04,5.8682483764295072e-24,5.8682483764295072e-24,4.7660055877970113e-22,5.8682483764295072e-24,
3.6877233770250098e+02,2.2802676277307749e+07,3.0366999659212895e+07,0.0000000000000000e+00,2.8582987960579267e+18,2.8582968407638789e+18,7.5002634105406001e+07,3.6877233773947785e-28,3.6877233762874653e+02,3.6877233773940103e-08,3.6877233773947785e-28,3.6877233773947785e-28,3.6877233773947785e-28,3.6877233773940103e-08,3.6877233773947785e-28,3.6877233773947785e-28,3.6877233774231601e-28,3.6877233773947785e-28,
5.8682481517517287e+06,1.5409347828885049e+12,3.4667236342999451e+11,0.0000000000000000e+00,6.8460603119061913e+23,6.8460582886974838e+23,1.7490190703652251e+08,1.7564018823060867e-18,1.3737602347703299e+06,5.8682481505780797e+06,5.8682481523392438e-24,8.6973165560478254e-19,5.8682481523392438e-24,5.8682481523382164e-04,5.8682481523392438e-24,5.8682481523392438e-24,4.7659937183359660e-22,5.8682481523392438e-24,
3.6194074226435274e+05,3.9215604462698242e+10,-1.0215876211266024e+04,0.0000000000000000e+00,9.4443157118216349e+21,9.4443114629214702e+21,8.7320824724244148e+07,3.6194074230261990e-25,3.6194074219196464e+05,3.6194074236737782e-05,3.6194074230062064e-25,3.6194074230062064e-25,3.6194074230062064e-25,3.6194074230048946e-05,3.6194074230062064e-25,3.6194074230062064e-25,3.6194174013213175e-25,3.6194074230062064e-25,
3.3411769258592633e-03,2.2413935615559687e+01,2.7620144415681546e+02,0.0000000000000000e+00,2.3941762901572451e+17,2.3941762900430810e+17,7.5000289269186378e+07,3.3411769261938910e-33,3.3411769251910279e-03,3.3411769261934021e-13,3.3411769261938910e-33,3.3411769261938910e-33,3.3411769261938910e-33,3.3411769261934021e-13,3.3411769261938910e-33,3.3411769261938910e-33,3.3411769261938910e-33,3.3411769261938910e-33,
2.3920639009553414e+07,2.2499755906869639e+12,7.0607839739080322e+12,0.0000000000000000e+00,5.8385682232042232e+24,5.8385682232042028e+24,1.3444320363026507e+07,2.3920639009553414e-23,2.3920639011941651e-03,2.3920639004769284e+07,2.3920639011950521e-23,2.3920664854089173e-23,2.3920639011950521e-23,2.3920639011941651e-03,2.3920639011950521e-23,2.3920639011950521e-23,2.3920639011950521e-23,2.3920639011950521e-23,
6.5422499323017970e+07,4.1049041976182213e+09,4.3512353190584221e+09,0.0000000000000000e+00,2.5785053896171894e+25,2.5785053896171624e+25,1.0470890369236486e+07,6.5422499323017979e-23,6.5422499329554100e-03,6.5422499309933469e+07,6.5422499329566904e-23,6.5466851569486261e-23,6.5422499329566904e-23,6.5422499329554100e-03,6.5422499329566904e-23,6.5422499329566904e-23,6.5422499329566904e-23,6.5422499329566904e-23,
1.0000004950123420e-04,-2.1203717212741977e+00,-3.8550644592866186e+00,0.0000000000000000e+00,2.3939111923407242e+17,2.3939111923365702e+17,7.5000012375321612e+07,1.0000004951125593e-34,1.0000004948123419e-04,1.0000004951124989e-14,1.0000004951125593e-34,1.0000004951125593e-34,1.0000004951125593e-34,1.0000004951124989e-14,1.0000004951125593e-34,1.0000004951125593e-34,1.0000004951125593e-34,1.0000004951125593e-34,
1.8827225084878546e+06,3.1850182131044904e+11,2.1288248601399097e+11,0.0000000000000000e+00,1.1855272825822159e+23,1.1855268928212119e+23,1.7487945577269870e+08,1.5744301557121866e-18,1.3737759627357321e+06,1.2073963828232372e+06,1.8827225086761715e-24,7.9273457595554490e-19,1.8827225086761715e-24,1.8827225102211289e-04,1.8827225086761715e-24,1.8827225086761715e-24,4.7649830720932372e-22,1.8827225086761715e-24,
4.4531810520542152e+06,1.0369781697685822e+12,-1.0469054342679232e+10,0.0000000000000000e+00,4.4499354539986449e+23,4.4499341096865662e+23,1.7489410097843805e+08,1.6452702046617632e-18,1.3737963529553395e+06,4.4531810511635784e+06,4.4531810525019677e-24,1.0853898176890062e-18,4.4531810525019677e-24,4.4531810524994818e-04,4.4531810525019677e-24,4.4531810525019677e-24,4.7659783103267147e-22,4.4531810525019677e-24,
9.9642326535493027e+01,1.9586874390899788e+06,-1.0593441599758718e+01,0.0000000000000000e+00,9.4563775068199168e+17,9.4563726088200115e+17,7.5000293866534173e+07,9.9642326545476309e-29,9.9642326515564548e+01,9.9642326545451139e-09,9.9642326545476309e-29,9.9642326545476309e-29,9.9642326545476309e-29,9.9642326545451139e-09,9.9642326545476309e-29,9.9642326545476309e-29,9.9642326545612706e-29,9.9642326545476309e-29,
1.0000003446990971e-04,-2.5603546192737467e+00,4.2044901881836729e+00,0.0000000000000000e+00,2.3939107125550006e+17,2.3939107125541053e+17,7.5000008617486596e+07,1.0000003447994601e-34,1.0000003444990970e-04,1.0000003447993339e-14,1.0000003447994601e-34,1.0000003447994601e-34,1.0000003447994601e-34,1.0000003447993339e-14,1.0000003447994601e-34,1.0000003447994601e-34,1.0000003447994601e-34,1.0000003447994601e-34,
5.2820254244376312e+05,2.8639676289524651e+10,8.6927295461263596e+10,0.0000000000000000e+00,1.7851106918949131e+22,1.7851098989617975e+22,1.2155921539587981e+08,3.5134911410294822e-24,5.2820254233811412e+05,5.2828723724925349e-05,5.2820254249693711e-25,1.7064581150670127e-24,5.2820254249693711e-25,5.2820254249672415e-05,5.2820254249693711e-25,5.2820254249693711e-25,5.4316503770228627e-25,5.2820254249693711e-25,
6.5422499243524119e+07,7.9455692531563014e+07,3.2664563921566796e+08,0.0000000000000000e+00,2.5785053877257649e+25,2.5785053877256343e+25,1.0470906577599773e+07,6.5422499243524127e-23,6.5422499250063874e-03,6.5422499230439618e+07,6.5422499250078519e-23,6.5466851499175442e-23,6.5422499250078519e-23,6.5422499250063874e-03,6.5422499250078519e-23,6.5422499250078519e-23,6.5422499250078519e-23,6.5422499250078519e-23,
4.4531809672244173e+06,3.5393544051369183e+11,-2.1020654204743870e+10,0.0000000000000000e+00,4.4499353054471984e+23,4.4499339613355665e+23,1.7489401777408656e+08,1.6685093481362194e-18,1.3737973190057005e+06,4.4531809663337804e+06,4.4531809676719322e-24,1.0833123097205691e-18,4.4531809676719322e-24,4.4531809676693756e-04,4.4531809676719322e-24,4.4531809676719322e-24,4.7659882986801722e-22,4.4531809676719322e-24,
1.0000016696391260e-04,-8.6152243244036852e-01,-6.8940313989762581e-01,0.0000000000000000e+00,2.3939149416071325e+17,2.3939149416070717e+17,7.5000041740985587e+07,1.0000016697394702e-34,1.0000016694391257e-04,1.0000016697392392e-14,1.0000016697394702e-34,1.0000016697394702e-34,1.0000016697394702e-34,1.0000016697392392e-14,1.0000016697394702e-34,1.0000016697394702e-34,1.0000016697394702e-34,1.0000016697394702e-34,
4.0219542742613083e+02,4.1521567180344574e+07,2.9635082609421904e+06,0.0000000000000000e+00,3.0964504935760952e+18,3.0964483502698547e+18,7.5002961905537084e+07,4.0219542746641649e-28,4.0219542734569171e+02,4.0219542746634375e-08,4.0219542746641649e-28,4.0219542746641649e-28,4.0219542746641649e-28,4.0219542746634375e-08,4.0219542746641649e-28,4.0219542746641649e-28,4.0219542746968539e-28,4.0219542746641649e-28,
1.7189074374493556e-02,1.1165521960450160e+03,3.6696840062323308e+00,0.0000000000000000e+00,2.3951209282352931e+17,2.3951209277415597e+17,7.5000052324035421e+07,1.7189074376219385e-32,1.7189074371055744e-02,1.7189074376215139e-12,1.7189074376219385e-32,1.7189074376219385e-32,1.7189074376219385e-32,1.7189074376215139e-12,1.7189074376219385e-32,1.7189074376219385e-32,1.7189074376219385e-32,1.7189074376219385e-32,
1.4733574075422439e-03,1.8943944279444551e+01,1.0541802842085370e+02,0.0000000000000000e+00,2.3940113864110115e+17,2.3940113863720806e+17,7.5000055314335585e+07,1.4733574076896930e-33,1.4733574072475725e-03,1.4733574076894919e-13,1.4733574076896930e-33,1.4733574076896930e-33,1.4733574076896930e-33,1.4733574076894919e-13,1.4733574076896930e-33,1.4733574076896930e-33,1.4733574076896930e-33,1.4733574076896930e-33,
1.7626785003332477e+07,2.6663814613308247e+12,4.8805417246337920e+12,0.0000000000000000e+00,3.6908899354942416e+24,3.6908899354942405e+24,2.7688880665948868e+07,1.7626785003332479e-23,2.1747706951673920e+05,1.7626784999807123e+07,1.7626785005099814e-23,1.7626787868449349e-23,1.7626785005099814e-23,1.7626785005093312e-03,1.7626785005099814e-23,1.7626785005099814e-23,1.7626785005099814e-23,1.7626785005099814e-23,
4.5402408451401889e+07,4.6013064482093535e+12,1.7916254032143989e+09,0.0000000000000000e+00,1.5103401735547263e+25,1.5103401735547236e+25,1.0479282169423662e+07,4.5402408451401903e-23,4.5402408455938563e-03,4.5402408442321405e+07,4.5402408455948257e-23,4.5405377708126824e-23,4.5402408455948257e-23,4.5402408455938563e-03,4.5402408455948257e-23,4.5402408455948257e-23,4.5402408455948257e-23,4.5402408455948257e-23,
1.0000003293533421e-04,-2.2548514643319355e+00,-2.4509482404758085e+00,0.0000000000000000e+00,2.3939106635741670e+17,2.3939106635716272e+17,7.5000008233837545e+07,1.0000003294536062e-34,1.0000003291533420e-04,1.0000003294535106e-14,1.0000003294536062e-34,1.0000003294536062e-34,1.0000003294536062e-34,1.0000003294535106e-14,1.0000003294536062e-34,1.0000003294536062e-34,1.0000003294536062e-34,1.0000003294536062e-34,
2.5216187771328951e+00,2.0785431914782565e+05,8.3597215375544562e+04,0.0000000000000000e+00,2.5726138752034989e+17,2.5726137756803021e+17,7.5000067208087370e+07,2.5216187773853393e-30,2.5216187766285714e+00,2.5216187773848442e-10,2.5216187773853393e-30,2.5216187773853393e-30,2.5216187773853393e-30,2.5216187773848442e-10,2.5216187773853393e-30,2.5216187773853393e-30,2.5216187773853393e-30,2.5216187773853393e-30,
9.9642392854727021e+01,9.6836913745183460e+06,-4.3547301979781698e+00,0.0000000000000000e+00,9.4563822286402202e+17,9.4563773306325261e+17,7.5000293950874120e+07,9.9642392864710659e-29,9.9642392834798542e+01,9.9642392864684726e-09,9.9642392864710659e-29,9.9642392864710659e-29,9.9642392864710659e-29,9.9642392864684726e-09,9.9642392864710659e-29,9.9642392864710659e-29,9.9642392864846305e-29,9.9642392864710659e-29,
1.0000004470210711e-04,-3.9722655862336436e+00,8.0784255075853562e+00,0.0000000000000000e+00,2.3939110391573066e+17,2.3939110391531334e+17,7.5000011175531924e+07,1.0000004471212827e-34,1.0000004468210710e-04,1.0000004471212081e-14,1.0000004471212827e-34,1.0000004471212827e-34,1.0000004471212827e-34,1.0000004471212081e-14,1.0000004471212827e-34,1.0000004471212827e-34,1.0000004471212827e-34,1.0000004471212827e-34,
3.6877241661954992e+02,3.0367129894434243e+07,2.2802504303921167e+07,0.0000000000000000e+00,2.8582993653692513e+18,2.8582974100755313e+18,7.5002634255700350e+07,3.6877241665653055e-28,3.6877241654579547e+02,3.6877241665645210e-08,3.6877241665653055e-28,3.6877241665653055e-28,3.6877241665653055e-28,3.6877241665645210e-08,3.6877241665653055e-28,3.6877241665653055e-28,3.6877241665936498e-28,3.6877241665653055e-28,
7.3873335139355680e+05,1.2638886358354634e+11,-1.9112200883984272e+05,0.0000000000000000e+00,3.0264336448310185e+22,3.0264325636302360e+22,1.3561776630868059e+08,2.0073995781962377e-21,7.3873335124517605e+05,7.4507493971261949e-05,7.3873335146753152e-25,4.7158693546569615e-22,7.3873335146753152e-25,7.3873335146723188e-05,7.3873335146753152e-25,7.3873335146753566e-25,1.1925211744664726e-24,7.3873335146753152e-25,
1.0851502467038231e-01,6.1780184221579984e+03,4.5918711424085608e+00,0.0000000000000000e+00,2.4015941453987514e+17,2.4015941418814752e+17,7.5000052284808844e+07,1.0851502468125164e-31,1.0851502464867931e-01,1.0851502468122640e-11,1.0851502468125164e-31,1.0851502468125164e-31,1.0851502468125164e-31,1.0851502468122640e-11,1.0851502468125164e-31,1.0851502468125164e-31,1.0851502468125164e-31,1.0851502468125164e-31,
1.0000016696389141e-04,-6.8940345314989382e-01,-8.6151825843909902e-01,0.0000000000000000e+00,2.3939149416066838e+17,2.3939149416066230e+17,7.5000041740982085e+07,1.0000016697392636e-34,1.0000016694389137e-04,1.0000016697390286e-14,1.0000016697392636e-34,1.0000016697392636e-34,1.0000016697392636e-34,1.0000016697390286e-14,1.0000016697392636e-34,1.0000016697392636e-34,1.0000016697392636e-34,1.0000016697392636e-34,
5.2820238784462633e+05,8.2829280399573242e+10,2.1026928874578815e+10,0.0000000000000000e+00,1.7527912652268609e+22,1.7527905742466752e+22,1.1036732486575204e+08,5.3060728894968297e-25,5.2820238773898559e+05,5.2820527289393639e-05,5.2820238789788830e-25,5.2820238789832351e-25,5.2820238789788830e-25,5.2820238789765318e-05,5.2820238789788830e-25,5.2820238789788830e-25,5.2945351795535203e-25,5.2820238789788830e-25,
1.3271338157223677e+05,1.6458622424581606e+10,-1.0601189326566248e+03,0.0000000000000000e+00,2.0301766923360558e+21,2.0301754149423321e+21,7.5234516653950647e+07,1.3271338158551535e-25,1.3271338154569408e+05,1.3271338158549391e-05,1.3271338158551576e-25,1.3271338158551576e-25,1.3271338158551576e-25,1.3271338158549391e-05,1.3271338158551576e-25,1.3271338158551576e-25,1.3271338259169657e-25,1.3271338158551576e-25,
1.5938627167700137e-04,-1.2319210753948755e+00,1.1420701443269463e+01,0.0000000000000000e+00,2.3939205043830109e+17,2.3939205043827946e+17,7.5000076783947170e+07,1.5938627169294660e-34,1.5938627164512409e-04,1.5938627169293473e-14,1.5938627169294660e-34,1.5938627169294660e-34,1.5938627169294660e-34,1.5938627169293473e-14,1.5938627169294660e-34,1.5938627169294660e-34,1.5938627169294660e-34,1.5938627169294660e-34,
1.0000002801411023e-04,-1.8826045117944952e+00,5.0139840380207668e+00,0.0000000000000000e+00,2.3939105064931107e+17,2.3939105064926477e+17,7.5000007003536314e+07,1.0000002802413057e-34,1.0000002799411022e-04,1.0000002802412395e-14,1.0000002802413057e-34,1.0000002802413057e-34,1.0000002802413057e-34,1.0000002802412395e-14,1.0000002802413057e-34,1.0000002802413057e-34,1.0000002802413057e-34,1.0000002802413057e-34,
1.8827225579223696e+06,2.1288657936367474e+11,3.1849861158663269e+11,0.0000000000000000e+00,1.1855273477517985e+23,1.1855269579916062e+23,1.7487977833361104e+08,1.5452798176648389e-18,1.3737763450092243e+06,1.2073977694545649e+06,1.8827225581106843e-24,8.2793416545178318e-19,1.8827225581106843e-24,1.8827225596575013e-04,1.8827225581106843e-24,1.8827225581106843e-24,4.7650215944625325e-22,1.8827225581106843e-24,
2.3920639147622302e+07,5.3899887498481982e+12,2.5858363416339464e+09,0.0000000000000000e+00,5.8385680924897014e+24,5.8385680924895597e+24,1.0502669478794908e+07,2.3920639147622305e-23,2.3920639150010847e-03,2.3920639142838173e+07,2.3920639150018330e-23,2.3920664989090688e-23,2.3920639150018330e-23,2.3920639150010847e-03,2.3920639150018330e-23,2.3920639150018330e-23,2.3920639150018330e-23,2.3920639150018330e-23,
1.3271690745479704e+05,8.2568907576892633e+09,-1.7705570927618392e+03,0.0000000000000000e+00,2.0303535117951914e+21,2.0303522355482798e+21,7.5246209963840142e+07,1.3271690746817363e-25,1.3271690742825365e+05,1.3271690746809566e-05,1.3271690746817363e-25,1.3271690746817363e-25,1.3271690746817363e-25,1.3271690746809566e-05,1.3271690746817363e-25,1.3271690746817363e-25,1.3271690847464248e-25,1.3271690746817363e-25,
1.0000005543173883e-04,-6.9491575674447814e+00,-3.5428693444228054e+00,0.0000000000000000e+00,2.3939113816357296e+17,2.3939113816303158e+17,7.5000013857940599e+07,1.0000005544175947e-34,1.0000005541173883e-04,1.0000005544175381e-14,1.0000005544175947e-34,1.0000005544175947e-34,1.0000005544175947e-34,1.0000005544175381e-14,1.0000005544175947e-34,1.0000005544175947e-34,1.0000005544175947e-34,1.0000005544175947e-34,
3.3316726696799707e-03,2.0200958607084672e+01,1.8103063291603703e+00,0.0000000000000000e+00,2.3941419302176906e+17,2.3941419302170778e+17,7.5000055109157622e+07,3.3316726700131050e-33,3.3316726690136365e-03,3.3316726700128614e-13,3.3316726700131050e-33,3.3316726700131050e-33,3.3316726700131050e-33,3.3316726700128614e-13,3.3316726700131050e-33,3.3316726700131050e-33,3.3316726700131050e-33,3.3316726700131050e-33,
1.0000004464136838e-04,-5.7188674619105804e+00,5.4954257425291964e+00,0.0000000000000000e+00,2.3939110372186099e+17,2.3939110372144374e+17,7.5000011160347342e+07,1.0000004465139076e-34,1.0000004462136837e-04,1.0000004465138361e-14,1.0000004465139076e-34,1.0000004465139076e-34,1.0000004465139076e-34,1.0000004465138361e-14,1.0000004465139076e-34,1.0000004465139076e-34,1.0000004465139076e-34,1.0000004465139076e-34,
2.5216177281439349e+00,8.3800977134897723e+04,2.0785755305916368e+05,0.0000000000000000e+00,2.5726207551061802e+17,2.5726206555126422e+17,7.5000052996386856e+07,2.5216177283964359e-30,2.5216177276396112e+00,2.5216177283959003e-10,2.5216177283964359e-30,2.5216177283964359e-30,2.5216177283964359e-30,2.5216177283959003e-10,2.5216177283964359e-30,2.5216177283964359e-30,2.5216177283964359e-30,2.5216177283964359e-30,
1.7626785030992582e+07,4.8806042213817744e+12,2.6662089876851743e+12,0.0000000000000000e+00,3.6908899369629969e+24,3.6908899369629959e+24,2.7688773378863327e+07,1.7626785030992587e-23,2.1747669250680672e+05,1.7626785027467228e+07,1.7626785032759898e-23,1.7626787896069878e-23,1.7626785032759898e-23,1.7626785032753497e-03,1.7626785032759898e-23,1.7626785032759898e-23,1.7626785032759898e-23,1.7626785032759898e-23,
7.6070009183429135e+06,1.5042564656711265e+12,-4.6156379761791740e+10,0.0000000000000000e+00,1.0235568090675885e+24,1.0235565116119870e+24,1.7487356232945228e+08,1.6216942373657458e-18,1.3737781340805145e+06,7.6070009168215124e+06,7.6070009191058427e-24,8.3866096591759670e-19,7.6070009191058427e-24,7.6070009191043749e-04,7.6070009191058427e-24,7.6070009191058427e-24,4.7659173174081835e-22,7.6070009191058427e-24,
1.0000003513031011e-04,-3.7803410686941890e+00,-2.5020764152002357e+00,0.0000000000000000e+00,2.3939107336359136e+17,2.3939107336328006e+17,7.5000008782582790e+07,1.0000003514033438e-34,1.0000003511031010e-04,1.0000003514032614e-14,1.0000003514033438e-34,1.0000003514033438e-34,1.0000003514033438e-34,1.0000003514032614e-14,1.0000003514033438e-34,1.0000003514033438e-34,1.0000003514033438e-34,1.0000003514033438e-34,
1.4693994748309939e-03,1.1018889743393213e+01,3.3860471124365507e-02,0.0000000000000000e+00,2.3940096996515594e+17,2.3940096996511462e+17,7.5000055207506776e+07,1.4693994749779854e-33,1.4693994745371140e-03,1.4693994749779399e-13,1.4693994749779854e-33,1.4693994749779854e-33,1.4693994749779854e-33,1.4693994749779399e-13,1.4693994749779854e-33,1.4693994749779854e-33,1.4693994749779854e-33,1.4693994749779854e-33,
1.5938627145061976e-04,-2.3142728973139155e+00,5.0908777497960989e+00,0.0000000000000000e+00,2.3939205003695053e+17,2.3939205003692896e+17,7.5000076755264848e+07,1.5938627146656167e-34,1.5938627141874248e-04,1.5938627146655500e-14,1.5938627146656167e-34,1.5938627146656167e-34,1.5938627146656167e-34,1.5938627146655500e-14,1.5938627146656167e-34,1.5938627146656167e-34,1.5938627146656167e-34,1.5938627146656167e-34,
1.0000016696388901e-04,-6.8940366889095572e-01,5.3458509435619677e+00,0.0000000000000000e+00,2.3939149416063830e+17,2.3939149416063222e+17,7.5000041740979731e+07,1.0000016697392416e-34,1.0000016694388897e-04,1.0000016697390035e-14,1.0000016697392416e-34,1.0000016697392416e-34,1.0000016697392416e-34,1.0000016697390035e-14,1.0000016697392416e-34,1.0000016697392416e-34,1.0000016697392416e-34,1.0000016697392416e-34,
1.0851502467038231e-01,6.1780184230396108e+03,6.1779889564265650e+03,0.0000000000000000e+00,2.4015941453996656e+17,2.4015941418823894e+17,7.5000052284808859e+07,1.0851502468125161e-31,1.0851502464867931e-01,1.0851502468122650e-11,1.0851502468125161e-31,1.0851502468125161e-31,1.0851502468125161e-31,1.0851502468122650e-11,1.0851502468125161e-31,1.0851502468125161e-31,1.0851502468125161e-31,1.0851502468125161e-31,
7.3873335139355680e+05,1.2638886358354636e+11,2.0850413407086079e+10,0.0000000000000000e+00,3.0264336448310181e+22,3.0264325636302356e+22,1.3561776630867127e+08,2.0073995781962377e-21,7.3873335124517605e+05,7.4507493971261962e-05,7.3873335146753152e-25,4.7158693546569624e-22,7.3873335146753152e-25,7.3873335146723202e-05,7.3873335146753152e-25,7.3873335146753575e-25,1.1925211744664727e-24,7.3873335146753152e-25,
3.6877241661954992e+02,3.0367129894428086e+07,-1.0805334144349430e+00,0.0000000000000000e+00,2.8582993653691121e+18,2.8582974100753920e+18,7.5002634255698100e+07,3.6877241665653059e-28,3.6877241654579547e+02,3.6877241665645197e-08,3.6877241665653059e-28,3.6877241665653059e-28,3.6877241665653059e-28,3.6877241665645197e-08,3.6877241665653059e-28,3.6877241665653059e-28,3.6877241665936498e-28,3.6877241665653059e-28,
1.0000004086134213e-04,-2.3280666123768246e+00,-3.0934234277865511e+00,0.0000000000000000e+00,2.3939109165637146e+17,2.3939109165604131e+17,7.5000010215340063e+07,1.0000004087136617e-34,1.0000004084134213e-04,1.0000004087135735e-14,1.0000004087136617e-34,1.0000004087136617e-34,1.0000004087136617e-34,1.0000004087135735e-14,1.0000004087136617e-34,1.0000004087136617e-34,1.0000004087136617e-34,1.0000004087136617e-34,
1.3271690792970845e+05,1.6449484621319057e+10,8.2567289085874739e+09,0.0000000000000000e+00,2.0303535968496921e+21,2.0303523206026717e+21,7.5246218825595930e+07,1.3271690794308519e-25,1.3271690790316506e+05,1.3271690794300809e-05,1.3271690794308519e-25,1.3271690794308519e-25,1.3271690794308519e-25,1.3271690794300809e-05,1.3271690794308519e-25,1.3271690794308519e-25,1.3271690894955413e-25,1.3271690794308519e-25,
5.2820238784462633e+05,8.2829280399573257e+10,-1.3808050213480438e+05,0.0000000000000000e+00,1.7527912652268607e+22,1.7527905742466750e+22,1.1036732486576839e+08,5.3060728894968288e-25,5.2820238773898559e+05,5.2820527289393639e-05,5.2820238789788830e-25,5.2820238789832351e-25,5.2820238789788830e-25,5.2820238789765311e-05,5.2820238789788830e-25,5.2820238789788830e-25,5.2945351795535203e-25,5.2820238789788830e-25,
2.5216176636938110e+00,8.3598312327648557e+04,7.1417579760484378e+00,0.0000000000000000e+00,2.5726137964442218e+17,2.5726136969208966e+17,7.5000067179515824e+07,2.5216176639462694e-30,2.5216176631894873e+00,2.5216176639457832e-10,2.5216176639462694e-30,2.5216176639462694e-30,2.5216176639462694e-30,2.5216176639457832e-10,2.5216176639462694e-30,2.5216176639462694e-30,2.5216176639462694e-30,2.5216176639462694e-30,
1.0000003513030997e-04,-3.7803410678952067e+00,5.3943562144403803e+00,0.0000000000000000e+00,2.3939107336359126e+17,2.3939107336327997e+17,7.5000008782582790e+07,1.0000003514033543e-34,1.0000003511030997e-04,1.0000003514032639e-14,1.0000003514033543e-34,1.0000003514033543e-34,1.0000003514033543e-34,1.0000003514032639e-14,1.0000003514033543e-34,1.0000003514033543e-34,1.0000003514033543e-34,1.0000003514033543e-34,
1.3271338093565704e+05,8.2657734935252829e+09,1.6448984853379135e+10,0.0000000000000000e+00,2.0301829944705016e+21,2.0301817176884930e+21,7.5235268376446649e+07,1.3271338094893481e-25,1.3271338090911435e+05,1.3271338094891488e-05,1.3271338094893527e-25,1.3271338094893527e-25,1.3271338094893527e-25,1.3271338094891488e-05,1.3271338094893527e-25,1.3271338094893527e-25,1.3271338195541901e-25,1.3271338094893527e-25,
2.3920639147622306e+07,5.3899887498482168e+12,2.2497983416938652e+12,0.0000000000000000e+00,5.8385680924896950e+24,5.8385680924895532e+24,1.0502796258737767e+07,2.3920639147622308e-23,2.3920639150010851e-03,2.3920639142838176e+07,2.3920639150018398e-23,2.3920664989090800e-23,2.3920639150018398e-23,2.3920639150010851e-03,2.3920639150018398e-23,2.3920639150018398e-23,2.3920639150018398e-23,2.3920639150018398e-23,
1.8827225579061585e+06,2.1288668571389551e+11,-5.7092480714332722e+07,0.0000000000000000e+00,1.1855272756828625e+23,1.1855268859218466e+23,1.7487941013443369e+08,1.6520778222983726e-18,1.3737763450104119e+06,1.2073977694503404e+06,1.8827225580944694e-24,8.0294395712643803e-19,1.8827225580944694e-24,1.8827225596412223e-04,1.8827225580944694e-24,1.8827225580944694e-24,4.7649868041027378e-22,1.8827225580944694e-24,
1.0000004464136832e-04,-5.7188674618109392e+00,-3.9722658274769200e+00,0.0000000000000000e+00,2.3939110372186086e+17,2.3939110372144362e+17,7.5000011160347328e+07,1.0000004465139046e-34,1.0000004462136832e-04,1.0000004465138196e-14,1.0000004465139046e-34,1.0000004465139046e-34,1.0000004465139046e-34,1.0000004465138196e-14,1.0000004465139046e-34,1.0000004465139046e-34,1.0000004465139046e-34,1.0000004465139046e-34,
3.3316726696799707e-03,2.0200958607086072e+01,2.5793939773387931e-01,0.0000000000000000e+00,2.3941419302176906e+17,2.3941419302170778e+17,7.5000055109157622e+07,3.3316726700131050e-33,3.3316726690136365e-03,3.3316726700128614e-13,3.3316726700131050e-33,3.3316726700131050e-33,3.3316726700131050e-33,3.3316726700128614e-13,3.3316726700131050e-33,3.3316726700131050e-33,3.3316726700131050e-33,3.3316726700131050e-33,
1.0000005543173885e-04,-6.9491575676046873e+00,5.4798066100009208e+00,0.0000000000000000e+00,2.3939113816357296e+17,2.3939113816303158e+17,7.5000013857940599e+07,1.0000005544176075e-34,1.0000005541173884e-04,1.0000005544175402e-14,1.0000005544176075e-34,1.0000005544176075e-34,1.0000005544176075e-34,1.0000005544175402e-14,1.0000005544176075e-34,1.0000005544176075e-34,1.0000005544176075e-34,1.0000005544176075e-34,
1.5975354139082754e-04,1.8896678709731227e+00,5.6242416118301009e+00,0.0000000000000000e+00,2.3939176434768678e+17,2.3939176434757661e+17,7.5000052553953454e+07,1.5975354140682092e-34,1.5975354135887681e-04,1.5975354140679530e-14,1.5975354140682092e-34,1.5975354140682092e-34,1.5975354140682092e-34,1.5975354140679530e-14,1.5975354140682092e-34,1.5975354140682092e-34,1.5975354140682092e-34,1.5975354140682092e-34,
7.6070009183429172e+06,1.5042564659297246e+12,1.5042282245647581e+12,0.0000000000000000e+00,1.0235568090850542e+24,1.0235565116294527e+24,1.7487356234228867e+08,1.5805127125653681e-18,1.3737781340804894e+06,7.6070009168215161e+06,7.6070009191058324e-24,8.4343626226876260e-19,7.6070009191058324e-24,7.6070009191043803e-04,7.6070009191058324e-24,7.6070009191058324e-24,4.7659177857008302e-22,7.6070009191058324e-24,
1.7626785030992579e+07,4.8806042213813174e+12,8.7129942633836642e+07,0.0000000000000000e+00,3.6908899369629647e+24,3.6908899369629636e+24,2.7688773378620248e+07,1.7626785030992584e-23,2.1747669250680678e+05,1.7626785027467225e+07,1.7626785032759901e-23,1.7626787896069860e-23,1.7626785032759901e-23,1.7626785032753502e-03,1.7626785032759901e-23,1.7626785032759901e-23,1.7626785032759901e-23,1.7626785032759901e-23,
1.0000002801411031e-04,-1.8826045121032497e+00,-1.8825778843198842e+00,0.0000000000000000e+00,2.3939105064931088e+17,2.3939105064926458e+17,7.5000007003536299e+07,1.0000002802413168e-34,1.0000002799411030e-04,1.0000002802412346e-14,1.0000002802413168e-34,1.0000002802413168e-34,1.0000002802413168e-34,1.0000002802412346e-14,1.0000002802413168e-34,1.0000002802413168e-34,1.0000002802413168e-34,1.0000002802413168e-34,
1.5938627145061979e-04,-2.3142728971827986e+00,-1.2324517377685300e+00,0.0000000000000000e+00,2.3939205003695053e+17,2.3939205003692896e+17,7.5000076755264834e+07,1.5938627146656122e-34,1.5938627141874251e-04,1.5938627146655481e-14,1.5938627146656122e-34,1.5938627146656122e-34,1.5938627146656122e-34,1.5938627146655481e-14,1.5938627146656122e-34,1.5938627146656122e-34,1.5938627146656122e-34,1.5938627146656122e-34,
1.4693994748309939e-03,1.1018889743367305e+01,3.6409456368419066e+00,0.0000000000000000e+00,2.3940096996515590e+17,2.3940096996511459e+17,7.5000055207506776e+07,1.4693994749779854e-33,1.4693994745371140e-03,1.4693994749779407e-13,1.4693994749779854e-33,1.4693994749779854e-33,1.4693994749779854e-33,1.4693994749779407e-13,1.4693994749779854e-33,1.4693994749779854e-33,1.4693994749779854e-33,1.4693994749779854e-33,

