1
1
18
0
(32 0
((0,0) (31,31) (0,0))
((0,128) (31,159) (0,0))
((0,64) (31,95) (0,0))
((0,192) (31,223) (0,0))
((64,0) (95,31) (0,0))
((64,128) (95,159) (0,0))
((64,64) (95,95) (0,0))
((64,192) (95,223) (0,0))
((0,32) (31,63) (0,0))
((0,160) (31,191) (0,0))
((0,96) (31,127) (0,0))
((0,224) (31,255) (0,0))
((64,32) (95,63) (0,0))
((64,160) (95,191) (0,0))
((64,96) (95,127) (0,0))
((64,224) (95,255) (0,0))
((32,0) (63,31) (0,0))
((32,128) (63,159) (0,0))
((32,64) (63,95) (0,0))
((32,192) (63,223) (0,0))
((96,0) (127,31) (0,0))
((96,128) (127,159) (0,0))
((96,64) (127,95) (0,0))
((96,192) (127,223) (0,0))
((32,32) (63,63) (0,0))
((32,160) (63,191) (0,0))
((32,96) (63,127) (0,0))
((32,224) (63,255) (0,0))
((96,32) (127,63) (0,0))
((96,160) (127,191) (0,0))
((96,96) (127,127) (0,0))
((96,224) (127,255) (0,0))
)
32
FabOnDisk: SD_0_New_MF_D_00000 0
FabOnDisk: SD_0_New_MF_D_00016 0
FabOnDisk: SD_0_New_MF_D_00008 0
FabOnDisk: SD_0_New_MF_D_00024 0
FabOnDisk: SD_0_New_MF_D_00004 0
FabOnDisk: SD_0_New_MF_D_00020 0
FabOnDisk: SD_0_New_MF_D_00012 0
FabOnDisk: SD_0_New_MF_D_00028 0
FabOnDisk: SD_0_New_MF_D_00002 0
FabOnDisk: SD_0_New_MF_D_00018 0
FabOnDisk: SD_0_New_MF_D_00010 0
FabOnDisk: SD_0_New_MF_D_00026 0
FabOnDisk: SD_0_New_MF_D_00006 0
FabOnDisk: SD_0_New_MF_D_00022 0
FabOnDisk: SD_0_New_MF_D_00014 0
FabOnDisk: SD_0_New_MF_D_00030 0
FabOnDisk: SD_0_New_MF_D_00001 0
FabOnDisk: SD_0_New_MF_D_00017 0
FabOnDisk: SD_0_New_MF_D_00009 0
FabOnDisk: SD_0_New_MF_D_00025 0
FabOnDisk: SD_0_New_MF_D_00005 0
FabOnDisk: SD_0_New_MF_D_00021 0
FabOnDisk: SD_0_New_MF_D_00013 0
FabOnDisk: SD_0_New_MF_D_00029 0
FabOnDisk: SD_0_New_MF_D_00003 0
FabOnDisk: SD_0_New_MF_D_00019 0
FabOnDisk: SD_0_New_MF_D_00011 0
FabOnDisk: SD_0_New_MF_D_00027 0
FabOnDisk: SD_0_New_MF_D_00007 0
FabOnDisk: SD_0_New_MF_D_00023 0
FabOnDisk: SD_0_New_MF_D_00015 0
FabOnDisk: SD_0_New_MF_D_00031 0

32,18
9.9999999686902909e-05,-3.5879007689007336e+00,-1.0498988569714182e+01,0.0000000000000000e+00,2.3939096023281037e+17,2.3939096023210698e+17,7.4999999868123278e+07,9.9999999696927526e-35,9.9999999666902902e-05,9.9999999696920240e-15,9.9999999696927526e-35,9.9999999696927526e-35,9.9999999696927526e-35,9.9999999696920240e-15,9.9999999696927526e-35,9.9999999696927526e-35,9.9999999696927526e-35,9.9999999696927526e-35,
8.4128027905535251e+06,-3.0553397511189198e+10,-3.3410024996095577e+10,0.0000000000000000e+00,1.1957430740811672e+24,1.1957427287526876e+24,1.0002602216628594e+07,8.4128027905535276e-24,8.4128027913938155e-04,8.4128027888709642e+06,8.4128027913956385e-24,8.4128028101030140e-24,8.4128027913956385e-24,8.4128027913938155e-04,8.4128027913956385e-24,8.4128027913956385e-24,8.4128027913956385e-24,8.4128027913956385e-24,
1.8484944835742263e+05,-1.6330913357398230e+08,-5.1824735808875859e+12,0.0000000000000000e+00,3.3194036262953193e+21,3.3194017470933222e+21,1.1947384610373443e+07,1.8484944837597827e-25,3.0868335682275106e-04,1.8484944837590228e-05,1.8484944837597827e-25,1.8484944837597827e-25,1.8484944837597827e-25,1.8484944837590228e-05,1.8484944837597827e-25,1.8484944837597827e-25,1.8484945065828720e-25,1.8484944837597827e-25,
2.7273764800153367e-04,3.8446352888474951e+00,1.6834188657795856e+01,0.0000000000000000e+00,2.3939220633625328e+17,2.3939220633567696e+17,7.5000000377159402e+07,2.7273764802885173e-34,2.7273764794698616e-04,2.7273764802879794e-14,2.7273764802885173e-34,2.7273764802885173e-34,2.7273764802885173e-34,2.7273764802879794e-14,2.7273764802885173e-34,2.7273764802885173e-34,2.7273764802885173e-34,2.7273764802885173e-34,
9.9999984448820235e-05,-5.4693723231553371e+00,4.1864273188560235e+00,0.0000000000000000e+00,2.3939091159409779e+17,2.3939091159394957e+17,7.4999996112202048e+07,9.9999984458844016e-35,9.9999984428820229e-05,9.9999984458834811e-15,9.9999984458844016e-35,9.9999984458844016e-35,9.9999984458844016e-35,9.9999984458834811e-15,9.9999984458844016e-35,9.9999984458844016e-35,9.9999984458844016e-35,9.9999984458844016e-35,
2.7257481044274529e-04,1.5420943413684435e+01,1.9605610793556671e+00,0.0000000000000000e+00,2.3939230896316624e+17,2.3939230896267414e+17,7.4999992094080269e+07,2.7257481047001802e-34,2.7257481038823030e-04,2.7257481046998554e-14,2.7257481047001802e-34,2.7257481047001802e-34,2.7257481047001802e-34,2.7257481046998554e-14,2.7257481047001802e-34,2.7257481047001802e-34,2.7257481047001802e-34,2.7257481047001802e-34,
9.9999999950708840e-05,-6.5080805614128510e+00,-7.2830039973855515e+09,0.0000000000000000e+00,2.3939096107430784e+17,2.3939096107413088e+17,7.4999992163300648e+07,9.9999999960743515e-35,9.9999999930708834e-05,9.9999999960733502e-15,9.9999999960743515e-35,9.9999999960743515e-35,9.9999999960743515e-35,9.9999999960733502e-15,9.9999999960743515e-35,9.9999999960743515e-35,9.9999999960743515e-35,9.9999999960743515e-35,
9.9999999995145313e-05,-4.9214018920441296e+00,-4.7217629726382553e+00,0.0000000000000000e+00,2.3939096121620470e+17,2.3939096121602685e+17,7.4999999922628120e+07,1.0000000000515954e-34,9.9999999975145307e-05,1.0000000000515522e-14,1.0000000000515954e-34,1.0000000000515954e-34,1.0000000000515954e-34,1.0000000000515522e-14,1.0000000000515954e-34,1.0000000000515954e-34,1.0000000000515954e-34,1.0000000000515954e-34,
2.7257420023495078e-04,2.6697471436400351e+00,-1.2072065452212076e+11,0.0000000000000000e+00,2.3939230863587875e+17,2.3939230863538653e+17,7.4999992095463619e+07,2.7257420026222597e-34,2.7257420018043590e-04,2.7257420026219123e-14,2.7257420026222597e-34,2.7257420026222597e-34,2.7257420026222597e-34,2.7257420026219123e-14,2.7257420026222597e-34,2.7257420026222597e-34,2.7257420026222597e-34,2.7257420026222597e-34,
1.8484944673279830e+05,-1.6277057501219952e+08,-4.4618027614148820e+13,0.0000000000000000e+00,3.3194167494902368e+21,3.3194148700427366e+21,1.1947839010025920e+07,1.8484944675135423e-25,3.0877833709133667e-04,1.8484944675127773e-05,1.8484944675135425e-25,1.8484944675135425e-25,1.8484944675135425e-25,1.8484944675127773e-05,1.8484944675135425e-25,1.8484944675135425e-25,1.8484944903475816e-25,1.8484944675135425e-25,
8.4128027905535195e+06,-3.0553397511907463e+10,-4.3091994907352988e+12,0.0000000000000000e+00,1.1957430740612862e+24,1.1957427287328066e+24,1.0002602216665585e+07,8.4128027905535217e-24,8.4128027913937982e-04,8.4128027888709586e+06,8.4128027913956121e-24,8.4128028101030390e-24,8.4128027913956121e-24,8.4128027913937982e-04,8.4128027913956121e-24,8.4128027913956121e-24,8.4128027913956121e-24,8.4128027913956121e-24,
9.9999999824342814e-05,-3.2049547894284012e+00,-1.1650429987684316e+01,0.0000000000000000e+00,2.3939096070093651e+17,2.3939096070035984e+17,7.4999999958400980e+07,9.9999999834368293e-35,9.9999999804342807e-05,9.9999999834361156e-15,9.9999999834368293e-35,9.9999999834368293e-35,9.9999999834368293e-35,9.9999999834361156e-15,9.9999999834368293e-35,9.9999999834368293e-35,9.9999999834368293e-35,9.9999999834368293e-35,
9.9999999995144717e-05,-4.9214018917244786e+00,-4.8896445881748814e+03,0.0000000000000000e+00,2.3939096121619827e+17,2.3939096121602042e+17,7.4999999922621891e+07,1.0000000000515894e-34,9.9999999975144711e-05,1.0000000000515464e-14,1.0000000000515894e-34,1.0000000000515894e-34,1.0000000000515894e-34,1.0000000000515464e-14,1.0000000000515894e-34,1.0000000000515894e-34,1.0000000000515894e-34,1.0000000000515894e-34,
9.9999999950708840e-05,-6.5080805614020427e+00,-3.6285710819370371e+00,0.0000000000000000e+00,2.3939096107430784e+17,2.3939096107413088e+17,7.4999992163300738e+07,9.9999999960743601e-35,9.9999999930708834e-05,9.9999999960733470e-15,9.9999999960743601e-35,9.9999999960743601e-35,9.9999999960743601e-35,9.9999999960733470e-15,9.9999999960743601e-35,9.9999999960743601e-35,9.9999999960743601e-35,9.9999999960743601e-35,
2.7257481044274523e-04,1.5420943413750507e+01,-1.9916707293039864e+10,0.0000000000000000e+00,2.3939230896316621e+17,2.3939230896267411e+17,7.4999992094080642e+07,2.7257481047001853e-34,2.7257481038823025e-04,2.7257481046998579e-14,2.7257481047001853e-34,2.7257481047001853e-34,2.7257481047001853e-34,2.7257481046998579e-14,2.7257481047001853e-34,2.7257481047001853e-34,2.7257481047001853e-34,2.7257481047001853e-34,
9.9999984448820222e-05,-4.6642064965443142e+00,-7.3400237829783395e+00,0.0000000000000000e+00,2.3939091159409770e+17,2.3939091159394947e+17,7.4999996112202048e+07,9.9999984458843866e-35,9.9999984428820215e-05,9.9999984458834795e-15,9.9999984458843866e-35,9.9999984458843866e-35,9.9999984458843866e-35,9.9999984458834795e-15,9.9999984458843866e-35,9.9999984458843866e-35,9.9999984458843866e-35,9.9999984458843866e-35,
9.9999999743040390e-05,-5.4507374080182744e+00,3.4787576552179789e+00,0.0000000000000000e+00,2.3939096041199200e+17,2.3939096041129037e+17,7.4999999935759962e+07,9.9999999753064459e-35,9.9999999723040384e-05,9.9999999753057096e-15,9.9999999753064459e-35,9.9999999753064459e-35,9.9999999753064459e-35,9.9999999753057096e-15,9.9999999753064459e-35,9.9999999753064459e-35,9.9999999753064459e-35,9.9999999753064459e-35,
1.8484945797130102e+05,-3.3371343347489464e+08,-1.2189863752656913e+09,0.0000000000000000e+00,3.3194052293019472e+21,3.3194033500994902e+21,1.1947842398272175e+07,1.8484945798985688e-25,3.0868332427324440e-04,1.8484945798978037e-05,1.8484945798985688e-25,1.8484945798985688e-25,1.8484945798985688e-25,1.8484945798978037e-05,1.8484945798985688e-25,1.8484945798985688e-25,1.8484946027217311e-25,1.8484945798985688e-25,
2.2960042886908452e-01,1.3393973603867671e+04,-1.4421906095666599e+12,0.0000000000000000e+00,2.4101764665938278e+17,2.4101764587804746e+17,1.2027143714125043e+07,2.2960042889210694e-31,3.1200776458988782e-04,2.2960042889203700e-11,2.2960042889210694e-31,2.2960042889210694e-31,2.2960042889210694e-31,2.2960042889203700e-11,2.2960042889210694e-31,2.2960042889210694e-31,2.2960042889210694e-31,2.2960042889210694e-31,
9.9999999990126311e-05,-3.6286457717908305e+00,-5.4522662885225381e+00,0.0000000000000000e+00,2.3939096120103709e+17,2.3939096120085885e+17,7.4999992200097784e+07,1.0000000000022288e-34,9.9999999970126305e-05,1.0000000000018245e-14,1.0000000000022288e-34,1.0000000000022288e-34,1.0000000000022288e-34,1.0000000000018245e-14,1.0000000000022288e-34,1.0000000000022288e-34,1.0000000000022288e-34,1.0000000000022288e-34,
9.9999969501493873e-05,-4.9975822054827805e+00,1.8922497713893973e+00,0.0000000000000000e+00,2.3939086388394973e+17,2.3939086388386176e+17,7.4999992375367790e+07,9.9999969511502718e-35,9.9999969481493866e-05,9.9999969511495570e-15,9.9999969511502718e-35,9.9999969511502718e-35,9.9999969511502718e-35,9.9999969511495570e-15,9.9999969511502718e-35,9.9999969511502718e-35,9.9999969511502718e-35,9.9999969511502718e-35,
9.9999999688241953e-05,-1.1952981908703089e+01,-3.5878474520992083e+00,0.0000000000000000e+00,2.3939096023708442e+17,2.3939096023638102e+17,7.4999999869158715e+07,9.9999999698266645e-35,9.9999999668241946e-05,9.9999999698259157e-15,9.9999999698266645e-35,9.9999999698266645e-35,9.9999999698266645e-35,9.9999999698259157e-15,9.9999999698266645e-35,9.9999999698266645e-35,9.9999999698266645e-35,9.9999999698266645e-35,
9.9999999744227442e-05,-1.1389406849231142e+01,1.6266086829993271e+00,0.0000000000000000e+00,2.3939096041578173e+17,2.3939096041508010e+17,7.4999999936056793e+07,9.9999999754251423e-35,9.9999999724227436e-05,9.9999999754244931e-15,9.9999999754251423e-35,9.9999999754251423e-35,9.9999999754251423e-35,9.9999999754244931e-15,9.9999999754251423e-35,9.9999999754251423e-35,9.9999999754251423e-35,9.9999999754251423e-35,
9.9999984506637620e-05,-8.0283874556471702e+00,-5.4693137476471732e+00,0.0000000000000000e+00,2.3939091177864448e+17,2.3939091177849622e+17,7.4999996126656443e+07,9.9999984516661241e-35,9.9999984486637614e-05,9.9999984516651973e-15,9.9999984516661241e-35,9.9999984516661241e-35,9.9999984516661241e-35,9.9999984516651973e-15,9.9999984516661241e-35,9.9999984516661241e-35,9.9999984516661241e-35,9.9999984516661241e-35,
9.9999999950588358e-05,-3.6286459940830160e+00,-1.4454571083150322e+10,0.0000000000000000e+00,2.3939096107392237e+17,2.3939096107374541e+17,7.4999992164808974e+07,9.9999999960622471e-35,9.9999999930588352e-05,9.9999999960612348e-15,9.9999999960622471e-35,9.9999999960622471e-35,9.9999999960622471e-35,9.9999999960612348e-15,9.9999999960622471e-35,9.9999999960622471e-35,9.9999999960622471e-35,9.9999999960622471e-35,
2.2960042886908452e-01,1.3393973605266745e+04,1.3393704697843670e+04,0.0000000000000000e+00,2.4101764665952675e+17,2.4101764587819142e+17,1.2027175186662151e+07,2.2960042889210690e-31,3.1200776476607360e-04,2.2960042889203690e-11,2.2960042889210690e-31,2.2960042889210690e-31,2.2960042889210690e-31,2.2960042889203690e-11,2.2960042889210690e-31,2.2960042889210690e-31,2.2960042889210690e-31,2.2960042889210690e-31,
1.8484945630311026e+05,-3.3371343322925031e+08,-2.5907818310242144e+12,0.0000000000000000e+00,3.3194051832197064e+21,3.3194033036357167e+21,1.1947842398445131e+07,1.8484945632166532e-25,3.0868332427337126e-04,1.8484945632158842e-05,1.8484945632166525e-25,1.8484945632166525e-25,1.8484945632166525e-25,1.8484945632158842e-05,1.8484945632166525e-25,1.8484945632166525e-25,1.8484945860398091e-25,1.8484945632166525e-25,
9.9999999824932186e-05,-4.5956757370945605e+00,-1.0313871185660547e+01,0.0000000000000000e+00,2.3939096069138784e+17,2.3939096069082314e+17,7.4999999957654029e+07,9.9999999834957478e-35,9.9999999804932180e-05,9.9999999834949788e-15,9.9999999834957478e-35,9.9999999834957478e-35,9.9999999834957478e-35,9.9999999834949788e-15,9.9999999834957478e-35,9.9999999834957478e-35,9.9999999834957478e-35,9.9999999834957478e-35,
9.9999984506637593e-05,-8.0283874556289767e+00,2.9273656191040485e+00,0.0000000000000000e+00,2.3939091177864448e+17,2.3939091177849622e+17,7.4999996126656443e+07,9.9999984516661027e-35,9.9999984486637587e-05,9.9999984516651862e-15,9.9999984516661027e-35,9.9999984516661027e-35,9.9999984516661027e-35,9.9999984516651862e-15,9.9999984516661027e-35,9.9999984516661027e-35,9.9999984516661027e-35,9.9999984516661027e-35,
9.9999999744227442e-05,-1.1389406849231142e+01,-5.4506678844910530e+00,0.0000000000000000e+00,2.3939096041578170e+17,2.3939096041508006e+17,7.4999999936056793e+07,9.9999999754251166e-35,9.9999999724227436e-05,9.9999999754244726e-15,9.9999999754251166e-35,9.9999999754251166e-35,9.9999999754251166e-35,9.9999999754244726e-15,9.9999999754251166e-35,9.9999999754251166e-35,9.9999999754251166e-35,9.9999999754251166e-35,
9.9999999688241966e-05,-1.1952981908703093e+01,-3.2808874303704598e-02,0.0000000000000000e+00,2.3939096023708448e+17,2.3939096023638109e+17,7.4999999869158715e+07,9.9999999698266645e-35,9.9999999668241960e-05,9.9999999698259142e-15,9.9999999698266645e-35,9.9999999698266645e-35,9.9999999698266645e-35,9.9999999698259142e-15,9.9999999698266645e-35,9.9999999698266645e-35,9.9999999698266645e-35,9.9999999698266645e-35,
9.9999969501493900e-05,-4.9755487784497525e+00,-5.0248453989100268e+00,0.0000000000000000e+00,2.3939086388394966e+17,2.3939086388386170e+17,7.4999992375367790e+07,9.9999969511502525e-35,9.9999969481493893e-05,9.9999969511495476e-15,9.9999969511502525e-35,9.9999969511502525e-35,9.9999969511502525e-35,9.9999969511495476e-15,9.9999969511502525e-35,9.9999969511502525e-35,9.9999969511502525e-35,9.9999969511502525e-35,

32,18
2.8924343397863893e-03,2.1429476800548391e-02,1.1952419313581723e+01,0.0000000000000000e+00,2.3941092483839904e+17,2.3941092483838000e+17,7.5000049162681267e+07,2.8924343400757272e-33,2.8924343392079024e-03,2.8924343400754920e-13,2.8924343400757272e-33,2.8924343400757272e-33,2.8924343400757272e-33,2.8924343400754920e-13,2.8924343400757272e-33,2.8924343400757272e-33,2.8924343400757272e-33,2.8924343400757272e-33,
9.7318516821403414e+07,4.3095558215174805e+12,4.3091994635111777e+12,0.0000000000000000e+00,4.5879110490205660e+25,4.5879110490195129e+25,1.2034541848101513e+07,9.7318516821403418e-23,9.7318516831123615e-03,9.7318516801939696e+07,9.7318516831140332e-23,9.8062532090749382e-23,9.7318516831140332e-23,9.7318516831123615e-03,9.7318516831140332e-23,9.7318516831140332e-23,9.7318516831140332e-23,9.7318516831140332e-23,
2.3460243806444563e+07,2.5914124226753306e+12,3.3515984100076783e+08,0.0000000000000000e+00,5.6719713655430127e+24,5.6719713655430105e+24,1.7513430461374646e+08,1.0454478455850368e-18,1.3616571018892555e+06,2.3460243801752515e+07,2.3460243808794494e-23,5.7874291334002822e-19,2.3460243808794494e-23,2.3460243808789047e-03,2.3460243808794494e-23,2.3460243808794494e-23,4.6601415998425798e-22,2.3460243808794494e-23,
7.1045598631080100e+05,5.8711093554438115e+12,1.6547741524576947e+13,0.0000000000000000e+00,1.5711134387511197e+24,1.5709193547052156e+24,3.1017737356138377e+09,7.7406517900098255e-13,7.0908018519092666e+05,1.3766032502309067e+03,3.5750815005597655e-18,1.1075207910379664e-15,7.1045598631080146e-25,1.4464692582018703e+01,5.1661881333948422e-18,7.1045598631080146e-25,1.2013965196939128e+03,1.4584807679039643e-18,
1.0000002973397531e-04,-2.9273672711059162e+00,8.0278106799891926e+00,0.0000000000000000e+00,2.3939105613923306e+17,2.3939105613880973e+17,7.5000007433497980e+07,1.0000002974399763e-34,1.0000002971397530e-04,1.0000002974399085e-14,1.0000002974399763e-34,1.0000002974399763e-34,1.0000002974399763e-34,1.0000002974399085e-14,1.0000002974399763e-34,1.0000002974399763e-34,1.0000002974399763e-34,1.0000002974399763e-34,
7.1039488550554495e+05,1.2072308209698341e+11,1.9916707293039864e+10,0.0000000000000000e+00,2.8422771842260297e+22,2.8422761583928261e+22,1.3298237820596789e+08,1.1718683571400525e-21,7.1039488536309276e+05,7.1412629411248056e-05,7.1039488557675499e-25,2.2832027705467778e-22,7.1039488557675499e-25,7.1039488557644070e-05,7.1039488557675499e-25,7.1039488557675646e-25,9.9400624551455684e-25,7.1039488557675499e-25,
1.1770186960796738e+05,1.4458956412657944e+10,3.6285710819551236e+00,0.0000000000000000e+00,1.7118932561946618e+21,1.7118921427732325e+21,7.5979482382693201e+07,1.1770186961976058e-25,1.1770186958442701e+05,1.1770186961973537e-05,1.1770186961976069e-25,1.1770186961976069e-25,1.1770186961976069e-25,1.1770186961973537e-05,1.1770186961976069e-25,1.1770186961976069e-25,1.1770187038528922e-25,1.1770186961976069e-25,
8.6491750148841806e-02,4.8897399443843869e+03,4.8896445882010757e+03,0.0000000000000000e+00,2.4000331346121120e+17,2.4000331318477917e+17,7.5000048607457772e+07,8.6491750157500746e-32,8.6491750131543449e-02,8.6491750157482289e-12,8.6491750157500746e-32,8.6491750157500746e-32,8.6491750157500746e-32,8.6491750157482289e-12,8.6491750157500746e-32,8.6491750157500746e-32,8.6491750157500746e-32,8.6491750157500746e-32,
7.1039487585253350e+05,1.9922095630177711e+10,-1.5423192490968162e+01,0.0000000000000000e+00,2.8422767108713024e+22,2.8422756850312684e+22,1.3298227017937084e+08,1.1785041109353892e-21,7.1039487571008154e+05,7.1412420112918357e-05,7.1039487592374434e-25,2.2932272912171485e-22,7.1039487592374434e-25,7.1039487592343124e-05,7.1039487592374434e-25,7.1039487592374553e-25,9.9391261591093885e-25,7.1039487592374434e-25,
2.3460243806483563e+07,2.1173471535395918e+13,2.9101197895539281e+13,0.0000000000000000e+00,5.6719715867840516e+24,5.6719715867840495e+24,4.1552719550175962e+09,1.6984540591077193e-06,1.3615692656455683e+06,2.3460243801791515e+07,1.1580774622855019e-17,3.6495710998894830e-10,2.3460243808833494e-23,3.5279453936284103e+03,1.2123360507534718e-16,2.3460243808833494e-23,6.0779771181904618e+05,3.0879041040819044e-17,
9.7318516821403399e+07,4.3095558215134829e+12,3.3410025018802055e+10,0.0000000000000000e+00,4.5879110490205677e+25,4.5879110490195146e+25,1.2034541825537680e+07,9.7318516821403407e-23,9.7318516831123528e-03,9.7318516801939681e+07,9.7318516831140332e-23,9.8062532090749899e-23,9.7318516831140332e-23,9.7318516831123528e-03,9.7318516831140332e-23,9.7318516831140332e-23,9.7318516831140332e-23,9.7318516831140332e-23,
2.9006251877830339e-03,1.9406767174679569e+01,2.3869533337220054e+02,0.0000000000000000e+00,2.3941403041570573e+17,2.3941403040588378e+17,7.5000252001123175e+07,2.9006251880735712e-33,2.9006251872029085e-03,2.9006251880732080e-13,2.9006251880735712e-33,2.9006251880735712e-33,2.9006251880735712e-33,2.9006251880732080e-13,2.9006251880735712e-33,2.9006251880735712e-33,2.9006251880735712e-33,2.9006251880735712e-33,
8.6491750148841792e-02,4.8897399436148162e+03,4.9207441098108946e+00,0.0000000000000000e+00,2.4000331346113171e+17,2.4000331318469968e+17,7.5000048607455611e+07,8.6491750157500746e-32,8.6491750131543435e-02,8.6491750157482159e-12,8.6491750157500746e-32,8.6491750157500746e-32,8.6491750157500746e-32,8.6491750157482159e-12,8.6491750157500746e-32,8.6491750157500746e-32,8.6491750157500746e-32,8.6491750157500746e-32,
1.1770542743525497e+05,1.4454861900253416e+10,7.2833323258635254e+09,0.0000000000000000e+00,1.7120568577676710e+21,1.7120557448624802e+21,7.5991082247113526e+07,1.1770542744708979e-25,1.1770542741171387e+05,1.1770542744703314e-05,1.1770542744708979e-25,1.1770542744708979e-25,1.1770542744708979e-25,1.1770542744703314e-05,1.1770542744708979e-25,1.1770542744708979e-25,1.1770542821285874e-25,1.1770542744708979e-25,
7.1039488550554495e+05,1.2072308209698341e+11,-1.9605610793556671e+00,0.0000000000000000e+00,2.8422771842260302e+22,2.8422761583928265e+22,1.3298237820596753e+08,1.1718683571400529e-21,7.1039488536309276e+05,7.1412629411248069e-05,7.1039488557675508e-25,2.2832027705467783e-22,7.1039488557675508e-25,7.1039488557644083e-05,7.1039488557675508e-25,7.1039488557675683e-25,9.9400624551455721e-25,7.1039488557675508e-25,
1.0000002719054561e-04,-2.2682850199572218e+00,-2.4635028860008141e+00,0.0000000000000000e+00,2.3939104802081613e+17,2.3939104802048051e+17,7.5000006797640100e+07,1.0000002720056967e-34,1.0000002717054560e-04,1.0000002720056133e-14,1.0000002720056967e-34,1.0000002720056967e-34,1.0000002720056967e-34,1.0000002720056133e-14,1.0000002720056967e-34,1.0000002720056967e-34,1.0000002720056967e-34,1.0000002720056967e-34,
1.3528802426093640e-04,-1.6268549476641532e+00,1.1389094592469023e+01,0.0000000000000000e+00,2.3939187485499626e+17,2.3939187485494176e+17,7.5000060376209870e+07,1.3528802427447220e-34,1.3528802423387878e-04,1.3528802427446600e-14,1.3528802427447220e-34,1.3528802427447220e-34,1.3528802427447220e-34,1.3528802427446600e-14,1.3528802427447220e-34,1.3528802427447220e-34,1.3528802427447220e-34,1.3528802427447220e-34,
2.3460245489816640e+07,5.1827989785155908e+12,2.5907818310230742e+12,0.0000000000000000e+00,5.6719721974992533e+24,5.6719721974992211e+24,1.7513513056721240e+08,1.0375975290562738e-18,1.3616395853868998e+06,2.3460245485124592e+07,2.3460245492166598e-23,5.7781866886966570e-19,2.3460245492166598e-23,2.3460245492160654e-03,2.3460245492166598e-23,2.3460245492166598e-23,4.6599762655910946e-22,2.3460245492166598e-23,
7.3531300264616134e+06,1.4423025811504651e+12,-1.3393704697810463e+04,0.0000000000000000e+00,9.7148938562086454e+23,9.7148910273789662e+23,1.7510658075378039e+08,1.0699697565091910e-18,1.3614830417575084e+06,7.3531300249909880e+06,7.3531300271984142e-24,5.3934577084271189e-19,7.3531300271984142e-24,7.3531300271969591e-04,7.3531300271984142e-24,7.3531300271984142e-24,4.6579700860037035e-22,7.3531300271984142e-24,
1.1770186274802955e+05,7.2879869651457701e+09,1.4454103211727928e+10,0.0000000000000000e+00,1.7118970294529688e+21,1.7118959163191255e+21,7.5979991878879398e+07,1.1770186275982201e-25,1.1770186272448918e+05,1.1770186275979776e-05,1.1770186275982215e-25,1.1770186275982215e-25,1.1770186275982215e-25,1.1770186275979776e-05,1.1770186275982215e-25,1.1770186275982215e-25,1.1770186352555076e-25,1.1770186275982215e-25,
1.0000002045925336e-04,-1.8922675582655555e+00,4.9975408267814823e+00,0.0000000000000000e+00,2.3939102653506864e+17,2.3939102653502282e+17,7.5000005114818707e+07,1.0000002046927547e-34,1.0000002043925335e-04,1.0000002046926847e-14,1.0000002046927547e-34,1.0000002046927547e-34,1.0000002046927547e-34,1.0000002046926847e-14,1.0000002046927547e-34,1.0000002046927547e-34,1.0000002046927547e-34,1.0000002046927547e-34,
2.8924420653254411e-03,1.0545272711103479e+01,3.2808874306720075e-02,0.0000000000000000e+00,2.3941092495865437e+17,2.3941092495863514e+17,7.5000049158896387e+07,2.8924420656147773e-33,2.8924420647469524e-03,2.8924420656145429e-13,2.8924420656147773e-33,2.8924420656147773e-33,2.8924420656147773e-33,2.8924420656145429e-13,2.8924420656147773e-33,2.8924420656147773e-33,2.8924420656147773e-33,2.8924420656147773e-33,
1.3528827876331152e-04,-3.4788270652099618e+00,5.4506678844343774e+00,0.0000000000000000e+00,2.3939187418944240e+17,2.3939187418938790e+17,7.5000060316571400e+07,1.3528827877684723e-34,1.3528827873625384e-04,1.3528827877684128e-14,1.3528827877684723e-34,1.3528827877684723e-34,1.3528827877684723e-34,1.3528827877684128e-14,1.3528827877684723e-34,1.3528827877684723e-34,1.3528827877684723e-34,1.3528827877684723e-34,
1.0000002963911217e-04,-4.1864402045747910e+00,-2.9273656191040485e+00,0.0000000000000000e+00,2.3939105583644134e+17,2.3939105583601795e+17,7.5000007409782201e+07,1.0000002964913523e-34,1.0000002961911217e-04,1.0000002964912752e-14,1.0000002964913523e-34,1.0000002964913523e-34,1.0000002964913523e-34,1.0000002964912752e-14,1.0000002964913523e-34,1.0000002964913523e-34,1.0000002964913523e-34,1.0000002964913523e-34,
1.1770542068499749e+05,7.2839028058860703e+09,6.5071764892228545e+00,0.0000000000000000e+00,1.7120555706186814e+21,1.7120544577138390e+21,7.5990933202392802e+07,1.1770542069683219e-25,1.1770542066145642e+05,1.1770542069677542e-05,1.1770542069683219e-25,1.1770542069683219e-25,1.1770542069683219e-25,1.1770542069677542e-05,1.1770542069683219e-25,1.1770542069683219e-25,1.1770542146259728e-25,1.1770542069683219e-25,
7.3531300264616190e+06,1.4423025814024358e+12,1.4421906094036895e+12,0.0000000000000000e+00,9.7148938563774430e+23,9.7148910275477638e+23,1.7510686404294556e+08,1.0940329053231199e-18,1.3614830417563943e+06,7.3531300249909936e+06,7.3531300271983686e-24,5.5889726455150435e-19,7.3531300271983686e-24,7.3531300271969743e-04,7.3531300271983686e-24,7.3531300271983686e-24,4.6579803822589083e-22,7.3531300271983686e-24,
2.3460245489816643e+07,5.1827989785155889e+12,1.2189863751360846e+09,0.0000000000000000e+00,5.6719721974992576e+24,5.6719721974992254e+24,1.7513513056719092e+08,1.0426190002876747e-18,1.3616395853868998e+06,2.3460245485124595e+07,2.3460245492166610e-23,5.7781866886966560e-19,2.3460245492166610e-23,2.3460245492160675e-03,2.3460245492166610e-23,2.3460245492166610e-23,4.6599762655910927e-22,2.3460245492166610e-23,
1.3559685360739487e-04,1.1506653396115605e+00,3.4065847776362808e+00,0.0000000000000000e+00,2.3939172212050317e+17,2.3939172212045549e+17,7.5000047868664712e+07,1.3559685362097097e-34,1.3559685358027551e-04,1.3559685362095151e-14,1.3559685362097097e-34,1.3559685362097097e-34,1.3559685362097097e-34,1.3559685362095151e-14,1.3559685362097097e-34,1.3559685362097097e-34,1.3559685362097097e-34,1.3559685362097097e-34,
1.0000002963911220e-04,-4.1864402045747910e+00,5.4693137475201805e+00,0.0000000000000000e+00,2.3939105583644141e+17,2.3939105583601802e+17,7.5000007409782201e+07,1.0000002964913580e-34,1.0000002961911219e-04,1.0000002964912790e-14,1.0000002964913580e-34,1.0000002964913580e-34,1.0000002964913580e-34,1.0000002964912790e-14,1.0000002964913580e-34,1.0000002964913580e-34,1.0000002964913580e-34,1.0000002964913580e-34,
1.3528827876331154e-04,-3.4788270651392339e+00,-1.6266086829179334e+00,0.0000000000000000e+00,2.3939187418944240e+17,2.3939187418938790e+17,7.5000060316571400e+07,1.3528827877684659e-34,1.3528827873625387e-04,1.3528827877684201e-14,1.3528827877684659e-34,1.3528827877684659e-34,1.3528827877684659e-34,1.3528827877684201e-14,1.3528827877684659e-34,1.3528827877684659e-34,1.3528827877684659e-34,1.3528827877684659e-34,
2.8924420653254402e-03,1.0545272711100935e+01,3.5878474521046679e+00,0.0000000000000000e+00,2.3941092495865430e+17,2.3941092495863507e+17,7.5000049158896387e+07,2.8924420656147770e-33,2.8924420647469516e-03,2.8924420656145419e-13,2.8924420656147770e-33,2.8924420656147770e-33,2.8924420656147770e-33,2.8924420656145419e-13,2.8924420656147770e-33,2.8924420656147770e-33,2.8924420656147770e-33,2.8924420656147770e-33,
1.0000002045925336e-04,-1.8922675583205388e+00,-1.8922497715327431e+00,0.0000000000000000e+00,2.3939102653506861e+17,2.3939102653502278e+17,7.5000005114818692e+07,1.0000002046927588e-34,1.0000002043925335e-04,1.0000002046926818e-14,1.0000002046927588e-34,1.0000002046927588e-34,1.0000002046927588e-34,1.0000002046926818e-14,1.0000002046927588e-34,1.0000002046927588e-34,1.0000002046927588e-34,1.0000002046927588e-34,

