1
1
1
1
(32 0
((0,0) (31,31) (0,0))
((0,128) (31,159) (0,0))
((0,64) (31,95) (0,0))
((0,192) (31,223) (0,0))
((64,0) (95,31) (0,0))
((64,128) (95,159) (0,0))
((64,64) (95,95) (0,0))
((64,192) (95,223) (0,0))
((0,32) (31,63) (0,0))
((0,160) (31,191) (0,0))
((0,96) (31,127) (0,0))
((0,224) (31,255) (0,0))
((64,32) (95,63) (0,0))
((64,160) (95,191) (0,0))
((64,96) (95,127) (0,0))
((64,224) (95,255) (0,0))
((32,0) (63,31) (0,0))
((32,128) (63,159) (0,0))
((32,64) (63,95) (0,0))
((32,192) (63,223) (0,0))
((96,0) (127,31) (0,0))
((96,128) (127,159) (0,0))
((96,64) (127,95) (0,0))
((96,192) (127,223) (0,0))
((32,32) (63,63) (0,0))
((32,160) (63,191) (0,0))
((32,96) (63,127) (0,0))
((32,224) (63,255) (0,0))
((96,32) (127,63) (0,0))
((96,160) (127,191) (0,0))
((96,96) (127,127) (0,0))
((96,224) (127,255) (0,0))
)
32
FabOnDisk: SD_1_New_MF_D_00000 0
FabOnDisk: SD_1_New_MF_D_00016 0
FabOnDisk: SD_1_New_MF_D_00008 0
FabOnDisk: SD_1_New_MF_D_00024 0
FabOnDisk: SD_1_New_MF_D_00004 0
FabOnDisk: SD_1_New_MF_D_00020 0
FabOnDisk: SD_1_New_MF_D_00012 0
FabOnDisk: SD_1_New_MF_D_00028 0
FabOnDisk: SD_1_New_MF_D_00002 0
FabOnDisk: SD_1_New_MF_D_00018 0
FabOnDisk: SD_1_New_MF_D_00010 0
FabOnDisk: SD_1_New_MF_D_00026 0
FabOnDisk: SD_1_New_MF_D_00006 0
FabOnDisk: SD_1_New_MF_D_00022 0
FabOnDisk: SD_1_New_MF_D_00014 0
FabOnDisk: SD_1_New_MF_D_00030 0
FabOnDisk: SD_1_New_MF_D_00001 0
FabOnDisk: SD_1_New_MF_D_00017 0
FabOnDisk: SD_1_New_MF_D_00009 0
FabOnDisk: SD_1_New_MF_D_00025 0
FabOnDisk: SD_1_New_MF_D_00005 0
FabOnDisk: SD_1_New_MF_D_00021 0
FabOnDisk: SD_1_New_MF_D_00013 0
FabOnDisk: SD_1_New_MF_D_00029 0
FabOnDisk: SD_1_New_MF_D_00003 0
FabOnDisk: SD_1_New_MF_D_00019 0
FabOnDisk: SD_1_New_MF_D_00011 0
FabOnDisk: SD_1_New_MF_D_00027 0
FabOnDisk: SD_1_New_MF_D_00007 0
FabOnDisk: SD_1_New_MF_D_00023 0
FabOnDisk: SD_1_New_MF_D_00015 0
FabOnDisk: SD_1_New_MF_D_00031 0

32,1
0.0000000000000000e+00,
0.0000000000000000e+00,
0.0000000000000000e+00,
0.0000000000000000e+00,
0.0000000000000000e+00,
0.0000000000000000e+00,
0.0000000000000000e+00,
0.0000000000000000e+00,
0.0000000000000000e+00,
0.0000000000000000e+00,
0.0000000000000000e+00,
0.0000000000000000e+00,
0.0000000000000000e+00,
0.0000000000000000e+00,
0.0000000000000000e+00,
0.0000000000000000e+00,
0.0000000000000000e+00,
0.0000000000000000e+00,
0.0000000000000000e+00,
0.0000000000000000e+00,
0.0000000000000000e+00,
0.0000000000000000e+00,
0.0000000000000000e+00,
0.0000000000000000e+00,
0.0000000000000000e+00,
0.0000000000000000e+00,
0.0000000000000000e+00,
0.0000000000000000e+00,
0.0000000000000000e+00,
0.0000000000000000e+00,
0.0000000000000000e+00,
0.0000000000000000e+00,

32,1
0.0000000000000000e+00,
0.0000000000000000e+00,
0.0000000000000000e+00,
0.0000000000000000e+00,
0.0000000000000000e+00,
0.0000000000000000e+00,
0.0000000000000000e+00,
0.0000000000000000e+00,
0.0000000000000000e+00,
0.0000000000000000e+00,
0.0000000000000000e+00,
0.0000000000000000e+00,
0.0000000000000000e+00,
0.0000000000000000e+00,
0.0000000000000000e+00,
0.0000000000000000e+00,
0.0000000000000000e+00,
0.0000000000000000e+00,
0.0000000000000000e+00,
0.0000000000000000e+00,
0.0000000000000000e+00,
0.0000000000000000e+00,
0.0000000000000000e+00,
0.0000000000000000e+00,
0.0000000000000000e+00,
0.0000000000000000e+00,
0.0000000000000000e+00,
0.0000000000000000e+00,
0.0000000000000000e+00,
0.0000000000000000e+00,
0.0000000000000000e+00,
0.0000000000000000e+00,

