1
1
13
0
(32 0
((0,0) (31,31) (0,0))
((0,128) (31,159) (0,0))
((0,64) (31,95) (0,0))
((0,192) (31,223) (0,0))
((64,0) (95,31) (0,0))
((64,128) (95,159) (0,0))
((64,64) (95,95) (0,0))
((64,192) (95,223) (0,0))
((0,32) (31,63) (0,0))
((0,160) (31,191) (0,0))
((0,96) (31,127) (0,0))
((0,224) (31,255) (0,0))
((64,32) (95,63) (0,0))
((64,160) (95,191) (0,0))
((64,96) (95,127) (0,0))
((64,224) (95,255) (0,0))
((32,0) (63,31) (0,0))
((32,128) (63,159) (0,0))
((32,64) (63,95) (0,0))
((32,192) (63,223) (0,0))
((96,0) (127,31) (0,0))
((96,128) (127,159) (0,0))
((96,64) (127,95) (0,0))
((96,192) (127,223) (0,0))
((32,32) (63,63) (0,0))
((32,160) (63,191) (0,0))
((32,96) (63,127) (0,0))
((32,224) (63,255) (0,0))
((96,32) (127,63) (0,0))
((96,160) (127,191) (0,0))
((96,96) (127,127) (0,0))
((96,224) (127,255) (0,0))
)
32
FabOnDisk: SD_4_New_MF_D_00000 0
FabOnDisk: SD_4_New_MF_D_00016 0
FabOnDisk: SD_4_New_MF_D_00008 0
FabOnDisk: SD_4_New_MF_D_00024 0
FabOnDisk: SD_4_New_MF_D_00004 0
FabOnDisk: SD_4_New_MF_D_00020 0
FabOnDisk: SD_4_New_MF_D_00012 0
FabOnDisk: SD_4_New_MF_D_00028 0
FabOnDisk: SD_4_New_MF_D_00002 0
FabOnDisk: SD_4_New_MF_D_00018 0
FabOnDisk: SD_4_New_MF_D_00010 0
FabOnDisk: SD_4_New_MF_D_00026 0
FabOnDisk: SD_4_New_MF_D_00006 0
FabOnDisk: SD_4_New_MF_D_00022 0
FabOnDisk: SD_4_New_MF_D_00014 0
FabOnDisk: SD_4_New_MF_D_00030 0
FabOnDisk: SD_4_New_MF_D_00001 0
FabOnDisk: SD_4_New_MF_D_00017 0
FabOnDisk: SD_4_New_MF_D_00009 0
FabOnDisk: SD_4_New_MF_D_00025 0
FabOnDisk: SD_4_New_MF_D_00005 0
FabOnDisk: SD_4_New_MF_D_00021 0
FabOnDisk: SD_4_New_MF_D_00013 0
FabOnDisk: SD_4_New_MF_D_00029 0
FabOnDisk: SD_4_New_MF_D_00003 0
FabOnDisk: SD_4_New_MF_D_00019 0
FabOnDisk: SD_4_New_MF_D_00011 0
FabOnDisk: SD_4_New_MF_D_00027 0
FabOnDisk: SD_4_New_MF_D_00007 0
FabOnDisk: SD_4_New_MF_D_00023 0
FabOnDisk: SD_4_New_MF_D_00015 0
FabOnDisk: SD_4_New_MF_D_00031 0

32,13
-1.4345898505801409e-39,-1.8185586851692416e-09,-2.1170809459514469e-19,-1.4345898505801409e-39,-1.4345898505801409e-39,-1.4345898505801409e-39,-2.1170809459514469e-19,-1.4345898505801409e-39,-1.4345898505801409e-39,-1.4345898505801409e-39,-1.4345898505801409e-39,0.0000000000000000e+00,0.0000000000000000e+00,
-7.1373482180057918e-39,-1.9263879930992024e-19,-1.6547546859536296e-09,-7.8454132453601441e-40,6.4738827272199880e-36,-7.8454132453601441e-40,-1.9263879930992024e-19,-7.8454132453601441e-40,-7.8454132453601441e-40,-7.8454132453601441e-40,-7.8454132453601441e-40,0.0000000000000000e+00,0.0000000000000000e+00,
-2.8206716244314981e-20,-3.9473181195432959e-06,-1.5931985032786565e-09,-1.5347945839197891e-39,-4.5338207629575830e-22,-9.9085983288916413e-38,-1.8547271649337566e-19,-5.4029003532086120e-40,-5.4029003532086120e-40,-5.4029003532086120e-40,-5.4029003532086120e-40,0.0000000000000000e+00,0.0000000000000000e+00,
-4.1624814050624973e-19,-6.6755818020540234e+00,-6.6185033044935456e-20,-4.0009733959658128e-21,-6.9172721150718117e-14,-1.2532061378940559e-36,-6.6185033044935456e-20,5.4046180134703224e-40,-1.5555421062524351e-36,5.4046180134703224e-40,5.4046180134703224e-40,0.0000000000000000e+00,0.0000000000000000e+00,
0.0000000000000000e+00,0.0000000000000000e+00,0.0000000000000000e+00,0.0000000000000000e+00,0.0000000000000000e+00,0.0000000000000000e+00,0.0000000000000000e+00,0.0000000000000000e+00,0.0000000000000000e+00,0.0000000000000000e+00,0.0000000000000000e+00,0.0000000000000000e+00,0.0000000000000000e+00,
-1.3896178493502437e-23,-2.0448576233499194e-09,-2.3805275831254192e-19,-7.2017177659470964e-40,-4.2820329946220630e-24,-7.2017177659470964e-40,-2.3805275831254192e-19,-7.2017177659470964e-40,-7.2017177659470964e-40,-7.2017177659470964e-40,-7.2017177659470964e-40,0.0000000000000000e+00,0.0000000000000000e+00,
-1.0793349990682342e-39,-1.7054098281277423e-09,-1.9853583398830871e-19,-1.0793349990682342e-39,-1.0793349990682342e-39,-1.0793349990682342e-39,-1.9853583398830871e-19,-1.0793349990682342e-39,-1.0793349990682342e-39,-1.0793349990682342e-39,-1.0793349990682342e-39,0.0000000000000000e+00,0.0000000000000000e+00,
-3.5747541211351537e-40,-1.1341808821068808e-09,-1.3203603240042934e-19,-3.5747541211351537e-40,-3.5747541211351537e-40,-3.5747541211351537e-40,-1.3203603240042934e-19,-3.5747541211351537e-40,-3.5747541211351537e-40,-3.5747541211351537e-40,-3.5747541211351537e-40,0.0000000000000000e+00,0.0000000000000000e+00,
-3.0304475215783987e-24,-1.7048987673461638e-09,-1.9847633868294812e-19,-9.8628052227384667e-40,-2.1702546173012057e-24,-9.8628052227384667e-40,-1.9847633868294812e-19,-9.8628052227384667e-40,-9.8628052227384667e-40,-9.8628052227384667e-40,-9.8628052227384667e-40,0.0000000000000000e+00,0.0000000000000000e+00,
-7.9020442108988114e-11,-1.6016290111784048e+02,-2.3232680768530489e+02,-3.9172902683893388e-20,-2.3197380509789923e-11,-2.9263387545250019e-31,-2.7058096629499002e+00,-1.9246383232459870e-40,-2.9263387545250019e-31,-1.9246383232459870e-40,-1.9246383232459870e-40,0.0000000000000000e+00,0.0000000000000000e+00,
-7.1328373656311924e-39,-2.3911673184183747e-19,-2.0539970863741876e-09,-8.9890594910394656e-40,6.4753173170705684e-36,-8.9890594910394656e-40,-2.3911673184183747e-19,-8.9890594910394656e-40,-8.9890594910394656e-40,-8.9890594910394656e-40,-8.9890594910394656e-40,0.0000000000000000e+00,0.0000000000000000e+00,
-1.7879630858333374e-39,-2.4949466275085370e-09,-2.9045001458243199e-19,-1.7879630858333374e-39,-1.7879630858333374e-39,-1.7879630858333374e-39,-2.9045001458243199e-19,-1.7879630858333374e-39,-1.7879630858333374e-39,-1.7879630858333374e-39,-1.7879630858333374e-39,0.0000000000000000e+00,0.0000000000000000e+00,
-1.7679567120048964e-40,-6.8253940447837912e-10,-7.9458044431914938e-20,-1.7679567120048964e-40,-1.7679567120048964e-40,-1.7679567120048964e-40,-7.9458044431914938e-20,-1.7679567120048964e-40,-1.7679567120048964e-40,-1.7679567120048964e-40,-1.7679567120048964e-40,0.0000000000000000e+00,0.0000000000000000e+00,
-1.7956606068916964e-39,-2.2762702461324456e-09,-2.6499273326858478e-19,-1.7956606068916964e-39,-1.7956606068916964e-39,-1.7956606068916964e-39,-2.6499273326858478e-19,-1.7956606068916964e-39,-1.7956606068916964e-39,-1.7956606068916964e-39,-1.7956606068916964e-39,0.0000000000000000e+00,0.0000000000000000e+00,
-1.3896178493502442e-23,-2.0448576233499198e-09,-2.3805275831254197e-19,-7.2017177659470964e-40,-4.2820329946220622e-24,-7.2017177659470964e-40,-2.3805275831254197e-19,-7.2017177659470964e-40,-7.2017177659470964e-40,-7.2017177659470964e-40,-7.2017177659470964e-40,0.0000000000000000e+00,0.0000000000000000e+00,
0.0000000000000000e+00,0.0000000000000000e+00,0.0000000000000000e+00,0.0000000000000000e+00,0.0000000000000000e+00,0.0000000000000000e+00,0.0000000000000000e+00,0.0000000000000000e+00,0.0000000000000000e+00,0.0000000000000000e+00,0.0000000000000000e+00,0.0000000000000000e+00,0.0000000000000000e+00,
-7.1177727201860828e-40,-9.0228488610320050e-10,-1.0503978539528331e-19,-7.1177727201860828e-40,-7.1177727201860828e-40,-7.1177727201860828e-40,-1.0503978539528331e-19,-7.1177727201860828e-40,-7.1177727201860828e-40,-7.1177727201860828e-40,-7.1177727201860828e-40,0.0000000000000000e+00,0.0000000000000000e+00,
-3.0853136136910836e-20,-3.9479344763438285e-06,-2.0301409937322007e-09,-1.2440583860499662e-39,-6.9212721420809828e-22,-9.9087031317704650e-38,-2.3633951713938740e-19,-1.0628379614153828e-39,-1.0628379614153828e-39,-1.0628379614153828e-39,-1.0628379614153828e-39,0.0000000000000000e+00,0.0000000000000000e+00,
-2.0028752757379503e-20,-3.9474012060943629e-06,-2.2721688282204004e-10,-9.0357924881523851e-40,-2.5816523166808999e-22,-1.0405773747159790e-37,-1.3269560929088530e-19,-2.9887288553752389e-42,-2.9887288553752389e-42,7.1796404369052760e-40,-8.1946397148740884e-41,0.0000000000000000e+00,0.0000000000000000e+00,
-5.3892911988273717e-40,-1.5919674387399008e-09,-1.8532940171890668e-19,-5.3892911988273717e-40,-5.3892911988273717e-40,-5.3892911988273717e-40,-1.8532940171890668e-19,-5.3892911988273717e-40,-5.3892911988273717e-40,-5.3892911988273717e-40,-5.3892911988273717e-40,0.0000000000000000e+00,0.0000000000000000e+00,
0.0000000000000000e+00,0.0000000000000000e+00,0.0000000000000000e+00,0.0000000000000000e+00,0.0000000000000000e+00,0.0000000000000000e+00,0.0000000000000000e+00,0.0000000000000000e+00,0.0000000000000000e+00,0.0000000000000000e+00,0.0000000000000000e+00,0.0000000000000000e+00,0.0000000000000000e+00,
-1.4381233231185156e-39,-2.2765577628996723e-09,-2.6502620462557212e-19,-1.4381233231185156e-39,-1.4381233231185156e-39,-1.4381233231185156e-39,-2.6502620462557212e-19,-1.4381233231185156e-39,-1.4381233231185156e-39,-1.4381233231185156e-39,-1.4381233231185156e-39,0.0000000000000000e+00,0.0000000000000000e+00,
-3.7165540170469593e-42,-4.5817314024017800e-10,-5.3338373573517660e-20,-3.7165540170469593e-42,-3.7165540170469593e-42,-3.7165540170469593e-42,-5.3338373573517660e-20,-3.7165540170469593e-42,-3.7165540170469593e-42,-3.7165540170469593e-42,-3.7165540170469593e-42,0.0000000000000000e+00,0.0000000000000000e+00,
0.0000000000000000e+00,0.0000000000000000e+00,0.0000000000000000e+00,0.0000000000000000e+00,0.0000000000000000e+00,0.0000000000000000e+00,0.0000000000000000e+00,0.0000000000000000e+00,0.0000000000000000e+00,0.0000000000000000e+00,0.0000000000000000e+00,0.0000000000000000e+00,0.0000000000000000e+00,
-7.2685885762727123e-40,-1.4791900903289440e-09,-1.7220039040885680e-19,-7.2685885762727123e-40,-7.2685885762727123e-40,-7.2685885762727123e-40,-1.7220039040885680e-19,-7.2685885762727123e-40,-7.2685885762727123e-40,-7.2685885762727123e-40,-7.2685885762727123e-40,0.0000000000000000e+00,0.0000000000000000e+00,
-2.5625481998189847e-20,-3.9463236104089209e-06,-3.3942276829357431e-10,-3.6527738933125492e-40,-2.4717411090499508e-22,-1.0414337773887288e-37,-1.3247634019291179e-19,-1.8022034997913040e-40,-1.8022034997913040e-40,8.9361816110817588e-40,-1.8022034997913040e-40,0.0000000000000000e+00,0.0000000000000000e+00,
-1.5455695026392955e-20,-3.9479344763438285e-06,-1.5842443930416656e-09,-1.2440583860499661e-39,-5.9359695857211460e-22,-9.9287275225302332e-38,-1.8443032086846250e-19,-7.1108756535967558e-40,-7.1108756535967558e-40,-7.1108756535967558e-40,-7.1108756535967558e-40,0.0000000000000000e+00,0.0000000000000000e+00,
0.0000000000000000e+00,-2.2656210286066794e-10,-2.6375300118311767e-20,0.0000000000000000e+00,0.0000000000000000e+00,0.0000000000000000e+00,-2.6375300118311767e-20,0.0000000000000000e+00,0.0000000000000000e+00,0.0000000000000000e+00,0.0000000000000000e+00,0.0000000000000000e+00,0.0000000000000000e+00,
0.0000000000000000e+00,0.0000000000000000e+00,0.0000000000000000e+00,0.0000000000000000e+00,0.0000000000000000e+00,0.0000000000000000e+00,0.0000000000000000e+00,0.0000000000000000e+00,0.0000000000000000e+00,0.0000000000000000e+00,0.0000000000000000e+00,0.0000000000000000e+00,0.0000000000000000e+00,
-1.4345898505801408e-39,-1.8185586851692414e-09,-2.1170809459514466e-19,-1.4345898505801408e-39,-1.4345898505801408e-39,-1.4345898505801408e-39,-2.1170809459514466e-19,-1.4345898505801408e-39,-1.4345898505801408e-39,-1.4345898505801408e-39,-1.4345898505801408e-39,0.0000000000000000e+00,0.0000000000000000e+00,
-1.4381233231185156e-39,-2.2765577628996723e-09,-2.6502620462557212e-19,-1.4381233231185156e-39,-1.4381233231185156e-39,-1.4381233231185156e-39,-2.6502620462557212e-19,-1.4381233231185156e-39,-1.4381233231185156e-39,-1.4381233231185156e-39,-1.4381233231185156e-39,0.0000000000000000e+00,0.0000000000000000e+00,
0.0000000000000000e+00,0.0000000000000000e+00,0.0000000000000000e+00,0.0000000000000000e+00,0.0000000000000000e+00,0.0000000000000000e+00,0.0000000000000000e+00,0.0000000000000000e+00,0.0000000000000000e+00,0.0000000000000000e+00,0.0000000000000000e+00,0.0000000000000000e+00,0.0000000000000000e+00,

32,13
2.8691797011602825e-39,1.9094866194277035e-09,2.2229349932490191e-19,2.8691797011602825e-39,2.8691797011602825e-39,2.8691797011602825e-39,2.2229349932490191e-19,2.8691797011602825e-39,2.8691797011602825e-39,2.8691797011602825e-39,2.8691797011602825e-39,0.0000000000000000e+00,0.0000000000000000e+00,
3.2298196497089004e-39,5.0082196127663914e-19,4.3020278896034870e-09,5.6666299097915556e-39,2.2336506755925296e-29,5.6666299097915556e-39,5.0082196127663914e-19,5.6666299097915556e-39,5.6666299097915556e-39,5.6666299097915556e-39,5.6666299097915556e-39,0.0000000000000000e+00,0.0000000000000000e+00,
2.6968002211614460e-20,4.1918409137138921e-09,3.9490431313829094e-06,6.3805625151193301e-39,2.4185750301008004e-21,6.3805625151193301e-39,1.4699345856343393e-11,2.8168444600080035e-38,2.4439147655289168e-36,1.0962824792759359e-24,7.0793816620307151e-39,2.3097729577663970e+12,2.9130910704570112e+18,
1.2125029888747839e-13,4.5535004577870454e-09,5.7733950568146026e+00,6.6146050295588489e-21,3.0698568489181588e-16,7.1729492529007028e-39,4.3271404462879144e-02,1.3712542116576794e-20,9.4466707194650796e-29,6.2470806199713360e+00,5.9098073763795318e-21,5.9725373438399508e+18,4.1996289677821506e+24,
2.8691797011602819e-39,1.8185586851692416e-09,2.1170809459514469e-19,2.8691797011602819e-39,2.8691797011602819e-39,2.8691797011602819e-39,2.1170809459514469e-19,2.8691797011602819e-39,2.8691797011602819e-39,2.8691797011602819e-39,2.8691797011602819e-39,0.0000000000000000e+00,0.0000000000000000e+00,
3.9914204980711241e-23,4.3752289979381114e-09,1.4811415158153213e-09,6.8148151215476239e-39,6.4591438620986276e-24,6.8148151215476239e-39,5.0934369186150275e-19,6.8148151215476239e-39,6.8148151215476239e-39,1.1321616675923657e-27,6.8148151215476239e-39,7.8715644885327530e+08,5.8091074310073338e+14,
6.4574475649238588e-39,4.0928936408090240e-09,4.7647553039819747e-19,6.4574475649238588e-39,6.4574475649238588e-39,6.4574475649238588e-39,4.7647553039819747e-19,6.4574475649238588e-39,6.4574475649238588e-39,1.8707322548558382e-35,6.4574475649238588e-39,0.0000000000000000e+00,0.0000000000000000e+00,
7.8907810755899417e-39,5.0013766833705716e-09,5.8223687617231296e-19,7.8907810755899417e-39,7.8907810755899417e-39,7.8907810755899417e-39,5.8223687617231296e-19,7.8907810755899417e-39,7.8907810755899417e-39,7.8907810755899417e-39,7.8907810755899417e-39,0.0000000000000000e+00,0.0000000000000000e+00,
2.3937595415595305e-23,4.2125207043178130e-09,1.4804192758374624e-09,6.5336540925017620e-39,2.9816421490500570e-24,6.5336540925017620e-39,4.9040195349578431e-19,6.5336540925017620e-39,6.5336540925017620e-39,1.1318466062541012e-27,6.5336540925017620e-39,7.9059675031065643e+08,5.8356495575346200e+14,
6.3010765835992742e-11,4.1559917515445770e-09,2.0791811317374030e+01,1.6131208545284485e-20,1.0547034312129928e-09,7.3480217750754875e-39,3.6957656362222108e-01,6.0857708884859683e-20,1.8638501497581356e-28,3.9519551846956261e+02,7.1274698564993842e-20,2.2716610370532616e+20,4.0584985111585040e+26,
3.4968127607890929e-39,4.6485024536405854e-19,3.9930332027524141e-09,5.3946555839524041e-39,2.2336506755790805e-29,5.3946555839524041e-39,4.6485024536405854e-19,5.3946555839524041e-39,5.3946555839524041e-39,5.3946555839524041e-39,5.3946555839524041e-39,0.0000000000000000e+00,0.0000000000000000e+00,
4.6923043029392105e-39,3.1951065788042924e-09,3.7195936064285837e-19,4.6923043029392105e-39,4.6923043029392105e-39,4.6923043029392105e-39,3.7195936064285837e-19,4.6923043029392105e-39,4.6923043029392105e-39,4.6923043029392105e-39,4.6923043029392105e-39,0.0000000000000000e+00,0.0000000000000000e+00,
7.1750223596211967e-39,4.5477107004123884e-09,5.2942320476430334e-19,7.1750223596211967e-39,7.1750223596211967e-39,7.1750223596211967e-39,5.2942320476430334e-19,7.1750223596211967e-39,7.1750223596211967e-39,7.1750223596211967e-39,7.1750223596211967e-39,0.0000000000000000e+00,0.0000000000000000e+00,
6.6330567332404100e-39,4.2041991746200521e-09,4.8943319993792709e-19,6.6330567332404100e-39,6.6330567332404100e-39,6.6330567332404100e-39,4.8943319993792709e-19,6.6330567332404100e-39,6.6330567332404100e-39,1.8712023454144942e-35,6.6330567332404100e-39,0.0000000000000000e+00,0.0000000000000000e+00,
3.9914204980711235e-23,4.3752289979381122e-09,1.4811415158153213e-09,6.8148151215476226e-39,6.4591438620986276e-24,6.8148151215476226e-39,5.0934369186150285e-19,6.8148151215476226e-39,6.8148151215476226e-39,1.1321616675923655e-27,6.8148151215476226e-39,7.8715644885327518e+08,5.8091074310073338e+14,
5.0198104649233426e-39,3.1816828744460113e-09,3.7039663577987944e-19,5.0198104649233426e-39,5.0198104649233426e-39,5.0198104649233426e-39,3.7039663577987944e-19,5.0198104649233426e-39,5.0198104649233426e-39,5.0198104649233426e-39,5.0198104649233426e-39,0.0000000000000000e+00,0.0000000000000000e+00,
2.8691797011602819e-39,1.8185586851692416e-09,2.1170809459514469e-19,2.8691797011602819e-39,2.8691797011602819e-39,2.8691797011602819e-39,2.1170809459514469e-19,2.8691797011602819e-39,2.8691797011602819e-39,2.8691797011602819e-39,2.8691797011602819e-39,0.0000000000000000e+00,0.0000000000000000e+00,
4.7656948670175169e-20,4.5465728388288204e-09,3.9488982374719133e-06,6.8046183087642531e-39,2.3534447514494260e-21,6.6351099146179481e-39,1.4698171044577092e-11,2.8172350996490884e-38,2.4451566507689854e-36,1.0962672101175131e-24,6.8046183087642531e-39,2.3096977937788413e+12,2.9129860687769385e+18,
2.0656855180472884e-20,4.8273329086137752e-09,3.9478338431874236e-06,7.3475764103076303e-39,2.5916007712847121e-21,7.3475764103076303e-39,1.4712360968995409e-11,2.7001446689223928e-38,2.4343031631646641e-36,1.0945205945174577e-24,7.3475764103076303e-39,2.3091454849906304e+12,2.9052053595659643e+18,
6.8160772727440111e-39,4.3202022229979693e-09,5.0293773214774780e-19,6.8160772727440111e-39,6.8160772727440111e-39,6.8160772727440111e-39,5.0293773214774780e-19,6.8160772727440111e-39,6.8160772727440111e-39,1.8711049191360208e-35,6.8160772727440111e-39,0.0000000000000000e+00,0.0000000000000000e+00,
2.8691797011602822e-39,2.2743761794441740e-09,2.6477223488550796e-19,2.8691797011602822e-39,2.8691797011602822e-39,2.8691797011602822e-39,2.6477223488550796e-19,2.8691797011602822e-39,2.8691797011602822e-39,2.8691797011602822e-39,2.8691797011602822e-39,0.0000000000000000e+00,0.0000000000000000e+00,
2.8691797011602815e-39,1.8208433066330221e-09,2.1197405953810341e-19,2.8691797011602815e-39,2.8691797011602815e-39,2.8691797011602815e-39,2.1197405953810341e-19,2.8691797011602815e-39,2.8691797011602815e-39,2.8691797011602815e-39,2.8691797011602815e-39,0.0000000000000000e+00,0.0000000000000000e+00,
2.8691797011602822e-39,1.8185586851692418e-09,2.1170809459514471e-19,2.8691797011602822e-39,2.8691797011602822e-39,2.8691797011602822e-39,2.1170809459514471e-19,2.8691797011602822e-39,2.8691797011602822e-39,2.8691797011602822e-39,2.8691797011602822e-39,0.0000000000000000e+00,0.0000000000000000e+00,
2.8691797011602822e-39,1.8185586851692418e-09,2.1170809459514471e-19,2.8691797011602822e-39,2.8691797011602822e-39,2.8691797011602822e-39,2.1170809459514471e-19,2.8691797011602822e-39,2.8691797011602822e-39,2.8691797011602822e-39,2.8691797011602822e-39,0.0000000000000000e+00,0.0000000000000000e+00,
6.9915877519040663e-39,4.4314452051247633e-09,5.1588811971302649e-19,6.9915877519040663e-39,6.9915877519040663e-39,6.9915877519040663e-39,5.1588811971302649e-19,6.9915877519040663e-39,6.9915877519040663e-39,1.8711093677439708e-35,6.9915877519040663e-39,0.0000000000000000e+00,0.0000000000000000e+00,
2.2511437330938143e-20,4.8870058362255208e-09,3.9479593088566082e-06,7.0865493394416729e-39,2.1818041847439289e-21,7.0865493394416729e-39,1.4712518748444010e-11,2.6801214180568862e-38,2.4337578489730780e-36,1.0945257145273939e-24,7.0865493394416729e-39,2.3092601458336670e+12,2.9051897628414408e+18,
2.7507285528630437e-20,4.1509647002695192e-09,3.9488982374719124e-06,6.8046183087642531e-39,2.3534447514494256e-21,6.5474929017874289e-39,1.4698171125015689e-11,2.8172350996490894e-38,2.4451566507689851e-36,1.0962672101175131e-24,6.8046183087642531e-39,2.3096977937788408e+12,2.9129860687769385e+18,
4.6662487180461943e-39,2.9575864941227321e-09,3.4430838354429371e-19,4.6662487180461943e-39,4.6662487180461943e-39,4.6662487180461943e-39,3.4430838354429371e-19,4.6662487180461943e-39,4.6662487180461943e-39,4.6662487180461943e-39,4.6662487180461943e-39,0.0000000000000000e+00,0.0000000000000000e+00,
2.8691797011602822e-39,1.8185586851692418e-09,2.1170809459514471e-19,2.8691797011602822e-39,2.8691797011602822e-39,2.8691797011602822e-39,2.1170809459514471e-19,2.8691797011602822e-39,2.8691797011602822e-39,2.8691797011602822e-39,2.8691797011602822e-39,0.0000000000000000e+00,0.0000000000000000e+00,
2.8691797011602822e-39,1.8185586851692418e-09,2.1170809459514471e-19,2.8691797011602822e-39,2.8691797011602822e-39,2.8691797011602822e-39,2.1170809459514471e-19,2.8691797011602822e-39,2.8691797011602822e-39,2.8691797011602822e-39,2.8691797011602822e-39,0.0000000000000000e+00,0.0000000000000000e+00,
2.8691797011602815e-39,1.8208433066330221e-09,2.1197405953810341e-19,2.8691797011602815e-39,2.8691797011602815e-39,2.8691797011602815e-39,2.1197405953810341e-19,2.8691797011602815e-39,2.8691797011602815e-39,2.8691797011602815e-39,2.8691797011602815e-39,0.0000000000000000e+00,0.0000000000000000e+00,
2.8691797011602822e-39,2.7278380277538618e-09,3.1756214189271697e-19,2.8691797011602822e-39,2.8691797011602822e-39,2.8691797011602822e-39,3.1756214189271697e-19,2.8691797011602822e-39,2.8691797011602822e-39,2.8691797011602822e-39,2.8691797011602822e-39,0.0000000000000000e+00,0.0000000000000000e+00,

