1
1
1
1
(138 0
((0,320) (63,383) (0,0))
((576,320) (703,383) (0,0))
((448,320) (575,383) (0,0))
((320,320) (447,383) (0,0))
((192,320) (319,383) (0,0))
((64,320) (191,383) (0,0))
((0,1664) (63,1727) (0,0))
((0,1536) (63,1599) (0,0))
((0,1408) (63,1471) (0,0))
((0,1280) (63,1343) (0,0))
((0,1152) (63,1215) (0,0))
((0,1024) (63,1087) (0,0))
((0,896) (63,959) (0,0))
((0,768) (63,831) (0,0))
((0,640) (63,703) (0,0))
((0,512) (63,575) (0,0))
((0,384) (63,447) (0,0))
((576,1664) (703,1727) (0,0))
((576,1536) (703,1599) (0,0))
((576,1408) (703,1471) (0,0))
((576,1280) (703,1343) (0,0))
((576,1152) (703,1215) (0,0))
((576,1024) (703,1087) (0,0))
((576,896) (703,959) (0,0))
((576,768) (703,831) (0,0))
((576,640) (703,703) (0,0))
((576,512) (703,575) (0,0))
((576,384) (703,447) (0,0))
((448,1664) (575,1727) (0,0))
((448,1536) (575,1599) (0,0))
((448,1408) (575,1471) (0,0))
((448,1280) (575,1343) (0,0))
((448,1152) (575,1215) (0,0))
((448,1024) (575,1087) (0,0))
((448,896) (575,959) (0,0))
((448,768) (575,831) (0,0))
((448,640) (575,703) (0,0))
((448,512) (575,575) (0,0))
((448,384) (575,447) (0,0))
((320,1664) (447,1727) (0,0))
((320,1536) (447,1599) (0,0))
((320,1408) (447,1471) (0,0))
((320,1280) (447,1343) (0,0))
((320,1152) (447,1215) (0,0))
((320,1024) (447,1087) (0,0))
((320,896) (447,959) (0,0))
((320,768) (447,831) (0,0))
((320,640) (447,703) (0,0))
((320,512) (447,575) (0,0))
((320,384) (447,447) (0,0))
((192,1664) (319,1727) (0,0))
((192,1536) (319,1599) (0,0))
((192,1408) (319,1471) (0,0))
((192,1280) (319,1343) (0,0))
((192,1152) (319,1215) (0,0))
((192,1024) (319,1087) (0,0))
((192,896) (319,959) (0,0))
((192,768) (319,831) (0,0))
((192,640) (319,703) (0,0))
((192,512) (319,575) (0,0))
((192,384) (319,447) (0,0))
((64,1664) (191,1727) (0,0))
((64,1536) (191,1599) (0,0))
((64,1408) (191,1471) (0,0))
((64,1280) (191,1343) (0,0))
((64,1152) (191,1215) (0,0))
((64,1024) (191,1087) (0,0))
((64,896) (191,959) (0,0))
((64,768) (191,831) (0,0))
((64,640) (191,703) (0,0))
((64,512) (191,575) (0,0))
((64,384) (191,447) (0,0))
((0,1728) (63,1791) (0,0))
((0,1600) (63,1663) (0,0))
((0,1472) (63,1535) (0,0))
((0,1344) (63,1407) (0,0))
((0,1216) (63,1279) (0,0))
((0,1088) (63,1151) (0,0))
((0,960) (63,1023) (0,0))
((0,832) (63,895) (0,0))
((0,704) (63,767) (0,0))
((0,576) (63,639) (0,0))
((0,448) (63,511) (0,0))
((576,1728) (703,1791) (0,0))
((576,1600) (703,1663) (0,0))
((576,1472) (703,1535) (0,0))
((576,1344) (703,1407) (0,0))
((576,1216) (703,1279) (0,0))
((576,1088) (703,1151) (0,0))
((576,960) (703,1023) (0,0))
((576,832) (703,895) (0,0))
((576,704) (703,767) (0,0))
((576,576) (703,639) (0,0))
((576,448) (703,511) (0,0))
((448,1728) (575,1791) (0,0))
((448,1600) (575,1663) (0,0))
((448,1472) (575,1535) (0,0))
((448,1344) (575,1407) (0,0))
((448,1216) (575,1279) (0,0))
((448,1088) (575,1151) (0,0))
((448,960) (575,1023) (0,0))
((448,832) (575,895) (0,0))
((448,704) (575,767) (0,0))
((448,576) (575,639) (0,0))
((448,448) (575,511) (0,0))
((320,1728) (447,1791) (0,0))
((320,1600) (447,1663) (0,0))
((320,1472) (447,1535) (0,0))
((320,1344) (447,1407) (0,0))
((320,1216) (447,1279) (0,0))
((320,1088) (447,1151) (0,0))
((320,960) (447,1023) (0,0))
((320,832) (447,895) (0,0))
((320,704) (447,767) (0,0))
((320,576) (447,639) (0,0))
((320,448) (447,511) (0,0))
((192,1728) (319,1791) (0,0))
((192,1600) (319,1663) (0,0))
((192,1472) (319,1535) (0,0))
((192,1344) (319,1407) (0,0))
((192,1216) (319,1279) (0,0))
((192,1088) (319,1151) (0,0))
((192,960) (319,1023) (0,0))
((192,832) (319,895) (0,0))
((192,704) (319,767) (0,0))
((192,576) (319,639) (0,0))
((192,448) (319,511) (0,0))
((64,1728) (191,1791) (0,0))
((64,1600) (191,1663) (0,0))
((64,1472) (191,1535) (0,0))
((64,1344) (191,1407) (0,0))
((64,1216) (191,1279) (0,0))
((64,1088) (191,1151) (0,0))
((64,960) (191,1023) (0,0))
((64,832) (191,895) (0,0))
((64,704) (191,767) (0,0))
((64,576) (191,639) (0,0))
((64,448) (191,511) (0,0))
)
138
FabOnDisk: SD_1_New_MF_D_00058 0
FabOnDisk: SD_1_New_MF_D_00014 0
FabOnDisk: SD_1_New_MF_D_00031 274910
FabOnDisk: SD_1_New_MF_D_00030 137455
FabOnDisk: SD_1_New_MF_D_00031 68727
FabOnDisk: SD_1_New_MF_D_00031 0
FabOnDisk: SD_1_New_MF_D_00046 69872
FabOnDisk: SD_1_New_MF_D_00046 0
FabOnDisk: SD_1_New_MF_D_00017 137458
FabOnDisk: SD_1_New_MF_D_00030 274911
FabOnDisk: SD_1_New_MF_D_00009 0
FabOnDisk: SD_1_New_MF_D_00045 34935
FabOnDisk: SD_1_New_MF_D_00032 274913
FabOnDisk: SD_1_New_MF_D_00035 206183
FabOnDisk: SD_1_New_MF_D_00047 0
FabOnDisk: SD_1_New_MF_D_00044 69868
FabOnDisk: SD_1_New_MF_D_00044 0
FabOnDisk: SD_1_New_MF_D_00039 137458
FabOnDisk: SD_1_New_MF_D_00033 687277
FabOnDisk: SD_1_New_MF_D_00041 274920
FabOnDisk: SD_1_New_MF_D_00041 137460
FabOnDisk: SD_1_New_MF_D_00041 0
FabOnDisk: SD_1_New_MF_D_00040 481110
FabOnDisk: SD_1_New_MF_D_00037 0
FabOnDisk: SD_1_New_MF_D_00000 0
FabOnDisk: SD_1_New_MF_D_00034 412367
FabOnDisk: SD_1_New_MF_D_00036 137457
FabOnDisk: SD_1_New_MF_D_00015 0
FabOnDisk: SD_1_New_MF_D_00024 0
FabOnDisk: SD_1_New_MF_D_00041 618568
FabOnDisk: SD_1_New_MF_D_00040 343650
FabOnDisk: SD_1_New_MF_D_00040 68730
FabOnDisk: SD_1_New_MF_D_00012 68727
FabOnDisk: SD_1_New_MF_D_00022 0
FabOnDisk: SD_1_New_MF_D_00036 68729
FabOnDisk: SD_1_New_MF_D_00035 137455
FabOnDisk: SD_1_New_MF_D_00034 206184
FabOnDisk: SD_1_New_MF_D_00033 549822
FabOnDisk: SD_1_New_MF_D_00032 137456
FabOnDisk: SD_1_New_MF_D_00043 0
FabOnDisk: SD_1_New_MF_D_00042 343648
FabOnDisk: SD_1_New_MF_D_00040 206190
FabOnDisk: SD_1_New_MF_D_00021 68728
FabOnDisk: SD_1_New_MF_D_00011 68727
FabOnDisk: SD_1_New_MF_D_00038 68730
FabOnDisk: SD_1_New_MF_D_00031 343638
FabOnDisk: SD_1_New_MF_D_00028 0
FabOnDisk: SD_1_New_MF_D_00034 68728
FabOnDisk: SD_1_New_MF_D_00033 412366
FabOnDisk: SD_1_New_MF_D_00032 0
FabOnDisk: SD_1_New_MF_D_00042 206188
FabOnDisk: SD_1_New_MF_D_00041 549838
FabOnDisk: SD_1_New_MF_D_00052 0
FabOnDisk: SD_1_New_MF_D_00038 206190
FabOnDisk: SD_1_New_MF_D_00029 0
FabOnDisk: SD_1_New_MF_D_00017 68728
FabOnDisk: SD_1_New_MF_D_00020 0
FabOnDisk: SD_1_New_MF_D_00021 0
FabOnDisk: SD_1_New_MF_D_00033 274910
FabOnDisk: SD_1_New_MF_D_00033 0
FabOnDisk: SD_1_New_MF_D_00030 68727
FabOnDisk: SD_1_New_MF_D_00042 68730
FabOnDisk: SD_1_New_MF_D_00041 412380
FabOnDisk: SD_1_New_MF_D_00053 0
FabOnDisk: SD_1_New_MF_D_00039 0
FabOnDisk: SD_1_New_MF_D_00027 0
FabOnDisk: SD_1_New_MF_D_00049 0
FabOnDisk: SD_1_New_MF_D_00035 0
FabOnDisk: SD_1_New_MF_D_00034 343640
FabOnDisk: SD_1_New_MF_D_00033 137456
FabOnDisk: SD_1_New_MF_D_00011 0
FabOnDisk: SD_1_New_MF_D_00031 137455
FabOnDisk: SD_1_New_MF_D_00046 104808
FabOnDisk: SD_1_New_MF_D_00046 34936
FabOnDisk: SD_1_New_MF_D_00030 309847
FabOnDisk: SD_1_New_MF_D_00057 0
FabOnDisk: SD_1_New_MF_D_00007 0
FabOnDisk: SD_1_New_MF_D_00045 69871
FabOnDisk: SD_1_New_MF_D_00045 0
FabOnDisk: SD_1_New_MF_D_00026 0
FabOnDisk: SD_1_New_MF_D_00042 481108
FabOnDisk: SD_1_New_MF_D_00050 0
FabOnDisk: SD_1_New_MF_D_00044 34934
FabOnDisk: SD_1_New_MF_D_00010 0
FabOnDisk: SD_1_New_MF_D_00020 68728
FabOnDisk: SD_1_New_MF_D_00041 343650
FabOnDisk: SD_1_New_MF_D_00041 206190
FabOnDisk: SD_1_New_MF_D_00041 68730
FabOnDisk: SD_1_New_MF_D_00040 549840
FabOnDisk: SD_1_New_MF_D_00037 68728
FabOnDisk: SD_1_New_MF_D_00002 0
FabOnDisk: SD_1_New_MF_D_00005 0
FabOnDisk: SD_1_New_MF_D_00025 0
FabOnDisk: SD_1_New_MF_D_00006 0
FabOnDisk: SD_1_New_MF_D_00028 68728
FabOnDisk: SD_1_New_MF_D_00040 618570
FabOnDisk: SD_1_New_MF_D_00040 412380
FabOnDisk: SD_1_New_MF_D_00040 137460
FabOnDisk: SD_1_New_MF_D_00015 68728
FabOnDisk: SD_1_New_MF_D_00006 68728
FabOnDisk: SD_1_New_MF_D_00008 0
FabOnDisk: SD_1_New_MF_D_00018 0
FabOnDisk: SD_1_New_MF_D_00034 274912
FabOnDisk: SD_1_New_MF_D_00034 0
FabOnDisk: SD_1_New_MF_D_00017 0
FabOnDisk: SD_1_New_MF_D_00043 68730
FabOnDisk: SD_1_New_MF_D_00042 412378
FabOnDisk: SD_1_New_MF_D_00040 274920
FabOnDisk: SD_1_New_MF_D_00040 0
FabOnDisk: SD_1_New_MF_D_00023 0
FabOnDisk: SD_1_New_MF_D_00038 137460
FabOnDisk: SD_1_New_MF_D_00036 0
FabOnDisk: SD_1_New_MF_D_00030 206183
FabOnDisk: SD_1_New_MF_D_00034 137456
FabOnDisk: SD_1_New_MF_D_00033 481094
FabOnDisk: SD_1_New_MF_D_00032 68728
FabOnDisk: SD_1_New_MF_D_00042 274918
FabOnDisk: SD_1_New_MF_D_00042 0
FabOnDisk: SD_1_New_MF_D_00019 68728
FabOnDisk: SD_1_New_MF_D_00051 0
FabOnDisk: SD_1_New_MF_D_00038 0
FabOnDisk: SD_1_New_MF_D_00014 68728
FabOnDisk: SD_1_New_MF_D_00032 206184
FabOnDisk: SD_1_New_MF_D_00019 0
FabOnDisk: SD_1_New_MF_D_00033 343638
FabOnDisk: SD_1_New_MF_D_00033 68728
FabOnDisk: SD_1_New_MF_D_00031 206182
FabOnDisk: SD_1_New_MF_D_00042 137459
FabOnDisk: SD_1_New_MF_D_00041 481109
FabOnDisk: SD_1_New_MF_D_00046 139744
FabOnDisk: SD_1_New_MF_D_00039 68729
FabOnDisk: SD_1_New_MF_D_00016 68729
FabOnDisk: SD_1_New_MF_D_00016 0
FabOnDisk: SD_1_New_MF_D_00035 68727
FabOnDisk: SD_1_New_MF_D_00033 618550
FabOnDisk: SD_1_New_MF_D_00033 206183
FabOnDisk: SD_1_New_MF_D_00012 0
FabOnDisk: SD_1_New_MF_D_00030 0

138,1
0.0000000000000000e+00,
0.0000000000000000e+00,
0.0000000000000000e+00,
0.0000000000000000e+00,
0.0000000000000000e+00,
0.0000000000000000e+00,
0.0000000000000000e+00,
0.0000000000000000e+00,
0.0000000000000000e+00,
0.0000000000000000e+00,
0.0000000000000000e+00,
0.0000000000000000e+00,
0.0000000000000000e+00,
0.0000000000000000e+00,
0.0000000000000000e+00,
0.0000000000000000e+00,
0.0000000000000000e+00,
0.0000000000000000e+00,
0.0000000000000000e+00,
0.0000000000000000e+00,
0.0000000000000000e+00,
0.0000000000000000e+00,
0.0000000000000000e+00,
0.0000000000000000e+00,
0.0000000000000000e+00,
0.0000000000000000e+00,
0.0000000000000000e+00,
0.0000000000000000e+00,
0.0000000000000000e+00,
0.0000000000000000e+00,
0.0000000000000000e+00,
0.0000000000000000e+00,
0.0000000000000000e+00,
0.0000000000000000e+00,
0.0000000000000000e+00,
0.0000000000000000e+00,
0.0000000000000000e+00,
0.0000000000000000e+00,
0.0000000000000000e+00,
0.0000000000000000e+00,
0.0000000000000000e+00,
0.0000000000000000e+00,
0.0000000000000000e+00,
0.0000000000000000e+00,
0.0000000000000000e+00,
0.0000000000000000e+00,
0.0000000000000000e+00,
0.0000000000000000e+00,
0.0000000000000000e+00,
0.0000000000000000e+00,
0.0000000000000000e+00,
0.0000000000000000e+00,
0.0000000000000000e+00,
0.0000000000000000e+00,
0.0000000000000000e+00,
0.0000000000000000e+00,
0.0000000000000000e+00,
0.0000000000000000e+00,
0.0000000000000000e+00,
0.0000000000000000e+00,
0.0000000000000000e+00,
0.0000000000000000e+00,
0.0000000000000000e+00,
0.0000000000000000e+00,
0.0000000000000000e+00,
0.0000000000000000e+00,
0.0000000000000000e+00,
0.0000000000000000e+00,
0.0000000000000000e+00,
0.0000000000000000e+00,
0.0000000000000000e+00,
0.0000000000000000e+00,
0.0000000000000000e+00,
0.0000000000000000e+00,
0.0000000000000000e+00,
0.0000000000000000e+00,
0.0000000000000000e+00,
0.0000000000000000e+00,
0.0000000000000000e+00,
0.0000000000000000e+00,
0.0000000000000000e+00,
0.0000000000000000e+00,
0.0000000000000000e+00,
0.0000000000000000e+00,
0.0000000000000000e+00,
0.0000000000000000e+00,
0.0000000000000000e+00,
0.0000000000000000e+00,
0.0000000000000000e+00,
0.0000000000000000e+00,
0.0000000000000000e+00,
0.0000000000000000e+00,
0.0000000000000000e+00,
0.0000000000000000e+00,
0.0000000000000000e+00,
0.0000000000000000e+00,
0.0000000000000000e+00,
0.0000000000000000e+00,
0.0000000000000000e+00,
0.0000000000000000e+00,
0.0000000000000000e+00,
0.0000000000000000e+00,
0.0000000000000000e+00,
0.0000000000000000e+00,
0.0000000000000000e+00,
0.0000000000000000e+00,
0.0000000000000000e+00,
0.0000000000000000e+00,
0.0000000000000000e+00,
0.0000000000000000e+00,
0.0000000000000000e+00,
0.0000000000000000e+00,
0.0000000000000000e+00,
0.0000000000000000e+00,
0.0000000000000000e+00,
0.0000000000000000e+00,
0.0000000000000000e+00,
0.0000000000000000e+00,
0.0000000000000000e+00,
0.0000000000000000e+00,
0.0000000000000000e+00,
0.0000000000000000e+00,
0.0000000000000000e+00,
0.0000000000000000e+00,
0.0000000000000000e+00,
0.0000000000000000e+00,
0.0000000000000000e+00,
0.0000000000000000e+00,
0.0000000000000000e+00,
0.0000000000000000e+00,
0.0000000000000000e+00,
0.0000000000000000e+00,
0.0000000000000000e+00,
0.0000000000000000e+00,
0.0000000000000000e+00,
0.0000000000000000e+00,
0.0000000000000000e+00,
0.0000000000000000e+00,

138,1
0.0000000000000000e+00,
0.0000000000000000e+00,
0.0000000000000000e+00,
0.0000000000000000e+00,
0.0000000000000000e+00,
0.0000000000000000e+00,
0.0000000000000000e+00,
0.0000000000000000e+00,
0.0000000000000000e+00,
0.0000000000000000e+00,
0.0000000000000000e+00,
0.0000000000000000e+00,
0.0000000000000000e+00,
0.0000000000000000e+00,
0.0000000000000000e+00,
0.0000000000000000e+00,
0.0000000000000000e+00,
0.0000000000000000e+00,
0.0000000000000000e+00,
0.0000000000000000e+00,
0.0000000000000000e+00,
0.0000000000000000e+00,
0.0000000000000000e+00,
0.0000000000000000e+00,
0.0000000000000000e+00,
0.0000000000000000e+00,
0.0000000000000000e+00,
0.0000000000000000e+00,
0.0000000000000000e+00,
0.0000000000000000e+00,
0.0000000000000000e+00,
0.0000000000000000e+00,
0.0000000000000000e+00,
0.0000000000000000e+00,
0.0000000000000000e+00,
0.0000000000000000e+00,
0.0000000000000000e+00,
0.0000000000000000e+00,
0.0000000000000000e+00,
0.0000000000000000e+00,
0.0000000000000000e+00,
0.0000000000000000e+00,
0.0000000000000000e+00,
0.0000000000000000e+00,
0.0000000000000000e+00,
0.0000000000000000e+00,
0.0000000000000000e+00,
0.0000000000000000e+00,
0.0000000000000000e+00,
0.0000000000000000e+00,
0.0000000000000000e+00,
0.0000000000000000e+00,
0.0000000000000000e+00,
0.0000000000000000e+00,
0.0000000000000000e+00,
0.0000000000000000e+00,
0.0000000000000000e+00,
0.0000000000000000e+00,
0.0000000000000000e+00,
0.0000000000000000e+00,
0.0000000000000000e+00,
0.0000000000000000e+00,
0.0000000000000000e+00,
0.0000000000000000e+00,
0.0000000000000000e+00,
0.0000000000000000e+00,
0.0000000000000000e+00,
0.0000000000000000e+00,
0.0000000000000000e+00,
0.0000000000000000e+00,
0.0000000000000000e+00,
0.0000000000000000e+00,
0.0000000000000000e+00,
0.0000000000000000e+00,
0.0000000000000000e+00,
0.0000000000000000e+00,
0.0000000000000000e+00,
0.0000000000000000e+00,
0.0000000000000000e+00,
0.0000000000000000e+00,
0.0000000000000000e+00,
0.0000000000000000e+00,
0.0000000000000000e+00,
0.0000000000000000e+00,
0.0000000000000000e+00,
0.0000000000000000e+00,
0.0000000000000000e+00,
0.0000000000000000e+00,
0.0000000000000000e+00,
0.0000000000000000e+00,
0.0000000000000000e+00,
0.0000000000000000e+00,
0.0000000000000000e+00,
0.0000000000000000e+00,
0.0000000000000000e+00,
0.0000000000000000e+00,
0.0000000000000000e+00,
0.0000000000000000e+00,
0.0000000000000000e+00,
0.0000000000000000e+00,
0.0000000000000000e+00,
0.0000000000000000e+00,
0.0000000000000000e+00,
0.0000000000000000e+00,
0.0000000000000000e+00,
0.0000000000000000e+00,
0.0000000000000000e+00,
0.0000000000000000e+00,
0.0000000000000000e+00,
0.0000000000000000e+00,
0.0000000000000000e+00,
0.0000000000000000e+00,
0.0000000000000000e+00,
0.0000000000000000e+00,
0.0000000000000000e+00,
0.0000000000000000e+00,
0.0000000000000000e+00,
0.0000000000000000e+00,
0.0000000000000000e+00,
0.0000000000000000e+00,
0.0000000000000000e+00,
0.0000000000000000e+00,
0.0000000000000000e+00,
0.0000000000000000e+00,
0.0000000000000000e+00,
0.0000000000000000e+00,
0.0000000000000000e+00,
0.0000000000000000e+00,
0.0000000000000000e+00,
0.0000000000000000e+00,
0.0000000000000000e+00,
0.0000000000000000e+00,
0.0000000000000000e+00,
0.0000000000000000e+00,
0.0000000000000000e+00,
0.0000000000000000e+00,
0.0000000000000000e+00,
0.0000000000000000e+00,

