1
1
13
0
(138 0
((0,320) (63,383) (0,0))
((576,320) (703,383) (0,0))
((448,320) (575,383) (0,0))
((320,320) (447,383) (0,0))
((192,320) (319,383) (0,0))
((64,320) (191,383) (0,0))
((0,1664) (63,1727) (0,0))
((0,1536) (63,1599) (0,0))
((0,1408) (63,1471) (0,0))
((0,1280) (63,1343) (0,0))
((0,1152) (63,1215) (0,0))
((0,1024) (63,1087) (0,0))
((0,896) (63,959) (0,0))
((0,768) (63,831) (0,0))
((0,640) (63,703) (0,0))
((0,512) (63,575) (0,0))
((0,384) (63,447) (0,0))
((576,1664) (703,1727) (0,0))
((576,1536) (703,1599) (0,0))
((576,1408) (703,1471) (0,0))
((576,1280) (703,1343) (0,0))
((576,1152) (703,1215) (0,0))
((576,1024) (703,1087) (0,0))
((576,896) (703,959) (0,0))
((576,768) (703,831) (0,0))
((576,640) (703,703) (0,0))
((576,512) (703,575) (0,0))
((576,384) (703,447) (0,0))
((448,1664) (575,1727) (0,0))
((448,1536) (575,1599) (0,0))
((448,1408) (575,1471) (0,0))
((448,1280) (575,1343) (0,0))
((448,1152) (575,1215) (0,0))
((448,1024) (575,1087) (0,0))
((448,896) (575,959) (0,0))
((448,768) (575,831) (0,0))
((448,640) (575,703) (0,0))
((448,512) (575,575) (0,0))
((448,384) (575,447) (0,0))
((320,1664) (447,1727) (0,0))
((320,1536) (447,1599) (0,0))
((320,1408) (447,1471) (0,0))
((320,1280) (447,1343) (0,0))
((320,1152) (447,1215) (0,0))
((320,1024) (447,1087) (0,0))
((320,896) (447,959) (0,0))
((320,768) (447,831) (0,0))
((320,640) (447,703) (0,0))
((320,512) (447,575) (0,0))
((320,384) (447,447) (0,0))
((192,1664) (319,1727) (0,0))
((192,1536) (319,1599) (0,0))
((192,1408) (319,1471) (0,0))
((192,1280) (319,1343) (0,0))
((192,1152) (319,1215) (0,0))
((192,1024) (319,1087) (0,0))
((192,896) (319,959) (0,0))
((192,768) (319,831) (0,0))
((192,640) (319,703) (0,0))
((192,512) (319,575) (0,0))
((192,384) (319,447) (0,0))
((64,1664) (191,1727) (0,0))
((64,1536) (191,1599) (0,0))
((64,1408) (191,1471) (0,0))
((64,1280) (191,1343) (0,0))
((64,1152) (191,1215) (0,0))
((64,1024) (191,1087) (0,0))
((64,896) (191,959) (0,0))
((64,768) (191,831) (0,0))
((64,640) (191,703) (0,0))
((64,512) (191,575) (0,0))
((64,384) (191,447) (0,0))
((0,1728) (63,1791) (0,0))
((0,1600) (63,1663) (0,0))
((0,1472) (63,1535) (0,0))
((0,1344) (63,1407) (0,0))
((0,1216) (63,1279) (0,0))
((0,1088) (63,1151) (0,0))
((0,960) (63,1023) (0,0))
((0,832) (63,895) (0,0))
((0,704) (63,767) (0,0))
((0,576) (63,639) (0,0))
((0,448) (63,511) (0,0))
((576,1728) (703,1791) (0,0))
((576,1600) (703,1663) (0,0))
((576,1472) (703,1535) (0,0))
((576,1344) (703,1407) (0,0))
((576,1216) (703,1279) (0,0))
((576,1088) (703,1151) (0,0))
((576,960) (703,1023) (0,0))
((576,832) (703,895) (0,0))
((576,704) (703,767) (0,0))
((576,576) (703,639) (0,0))
((576,448) (703,511) (0,0))
((448,1728) (575,1791) (0,0))
((448,1600) (575,1663) (0,0))
((448,1472) (575,1535) (0,0))
((448,1344) (575,1407) (0,0))
((448,1216) (575,1279) (0,0))
((448,1088) (575,1151) (0,0))
((448,960) (575,1023) (0,0))
((448,832) (575,895) (0,0))
((448,704) (575,767) (0,0))
((448,576) (575,639) (0,0))
((448,448) (575,511) (0,0))
((320,1728) (447,1791) (0,0))
((320,1600) (447,1663) (0,0))
((320,1472) (447,1535) (0,0))
((320,1344) (447,1407) (0,0))
((320,1216) (447,1279) (0,0))
((320,1088) (447,1151) (0,0))
((320,960) (447,1023) (0,0))
((320,832) (447,895) (0,0))
((320,704) (447,767) (0,0))
((320,576) (447,639) (0,0))
((320,448) (447,511) (0,0))
((192,1728) (319,1791) (0,0))
((192,1600) (319,1663) (0,0))
((192,1472) (319,1535) (0,0))
((192,1344) (319,1407) (0,0))
((192,1216) (319,1279) (0,0))
((192,1088) (319,1151) (0,0))
((192,960) (319,1023) (0,0))
((192,832) (319,895) (0,0))
((192,704) (319,767) (0,0))
((192,576) (319,639) (0,0))
((192,448) (319,511) (0,0))
((64,1728) (191,1791) (0,0))
((64,1600) (191,1663) (0,0))
((64,1472) (191,1535) (0,0))
((64,1344) (191,1407) (0,0))
((64,1216) (191,1279) (0,0))
((64,1088) (191,1151) (0,0))
((64,960) (191,1023) (0,0))
((64,832) (191,895) (0,0))
((64,704) (191,767) (0,0))
((64,576) (191,639) (0,0))
((64,448) (191,511) (0,0))
)
138
FabOnDisk: SD_4_New_MF_D_00040 5964413
FabOnDisk: SD_4_New_MF_D_00026 0
FabOnDisk: SD_4_New_MF_D_00002 0
FabOnDisk: SD_4_New_MF_D_00005 0
FabOnDisk: SD_4_New_MF_D_00031 852056
FabOnDisk: SD_4_New_MF_D_00031 0
FabOnDisk: SD_4_New_MF_D_00046 852144
FabOnDisk: SD_4_New_MF_D_00046 0
FabOnDisk: SD_4_New_MF_D_00045 2130359
FabOnDisk: SD_4_New_MF_D_00007 0
FabOnDisk: SD_4_New_MF_D_00045 1278215
FabOnDisk: SD_4_New_MF_D_00045 426071
FabOnDisk: SD_4_New_MF_D_00043 5112354
FabOnDisk: SD_4_New_MF_D_00044 2556420
FabOnDisk: SD_4_New_MF_D_00044 1704280
FabOnDisk: SD_4_New_MF_D_00044 852140
FabOnDisk: SD_4_New_MF_D_00044 0
FabOnDisk: SD_4_New_MF_D_00052 852056
FabOnDisk: SD_4_New_MF_D_00043 3408236
FabOnDisk: SD_4_New_MF_D_00041 3408236
FabOnDisk: SD_4_New_MF_D_00041 1704118
FabOnDisk: SD_4_New_MF_D_00041 0
FabOnDisk: SD_4_New_MF_D_00011 852057
FabOnDisk: SD_4_New_MF_D_00037 0
FabOnDisk: SD_4_New_MF_D_00016 0
FabOnDisk: SD_4_New_MF_D_00024 0
FabOnDisk: SD_4_New_MF_D_00049 0
FabOnDisk: SD_4_New_MF_D_00010 0
FabOnDisk: SD_4_New_MF_D_00043 1704118
FabOnDisk: SD_4_New_MF_D_00015 0
FabOnDisk: SD_4_New_MF_D_00040 4260295
FabOnDisk: SD_4_New_MF_D_00040 852059
FabOnDisk: SD_4_New_MF_D_00053 852056
FabOnDisk: SD_4_New_MF_D_00038 2556177
FabOnDisk: SD_4_New_MF_D_00036 852058
FabOnDisk: SD_4_New_MF_D_00008 0
FabOnDisk: SD_4_New_MF_D_00034 2556171
FabOnDisk: SD_4_New_MF_D_00025 0
FabOnDisk: SD_4_New_MF_D_00032 1704114
FabOnDisk: SD_4_New_MF_D_00043 0
FabOnDisk: SD_4_New_MF_D_00042 4260293
FabOnDisk: SD_4_New_MF_D_00040 2556177
FabOnDisk: SD_4_New_MF_D_00038 5112354
FabOnDisk: SD_4_New_MF_D_00038 4260295
FabOnDisk: SD_4_New_MF_D_00038 852059
FabOnDisk: SD_4_New_MF_D_00057 0
FabOnDisk: SD_4_New_MF_D_00001 0
FabOnDisk: SD_4_New_MF_D_00034 852057
FabOnDisk: SD_4_New_MF_D_00050 0
FabOnDisk: SD_4_New_MF_D_00032 0
FabOnDisk: SD_4_New_MF_D_00042 2556175
FabOnDisk: SD_4_New_MF_D_00032 4260285
FabOnDisk: SD_4_New_MF_D_00039 5112350
FabOnDisk: SD_4_New_MF_D_00039 1704116
FabOnDisk: SD_4_New_MF_D_00037 852057
FabOnDisk: SD_4_New_MF_D_00023 852056
FabOnDisk: SD_4_New_MF_D_00033 2556170
FabOnDisk: SD_4_New_MF_D_00029 0
FabOnDisk: SD_4_New_MF_D_00051 0
FabOnDisk: SD_4_New_MF_D_00033 0
FabOnDisk: SD_4_New_MF_D_00011 0
FabOnDisk: SD_4_New_MF_D_00042 852059
FabOnDisk: SD_4_New_MF_D_00022 0
FabOnDisk: SD_4_New_MF_D_00039 3408234
FabOnDisk: SD_4_New_MF_D_00039 0
FabOnDisk: SD_4_New_MF_D_00034 3408228
FabOnDisk: SD_4_New_MF_D_00004 0
FabOnDisk: SD_4_New_MF_D_00035 0
FabOnDisk: SD_4_New_MF_D_00017 0
FabOnDisk: SD_4_New_MF_D_00033 1704114
FabOnDisk: SD_4_New_MF_D_00031 1704113
FabOnDisk: SD_4_New_MF_D_00018 0
FabOnDisk: SD_4_New_MF_D_00046 1278216
FabOnDisk: SD_4_New_MF_D_00046 426072
FabOnDisk: SD_4_New_MF_D_00019 0
FabOnDisk: SD_4_New_MF_D_00029 1704115
FabOnDisk: SD_4_New_MF_D_00045 1704287
FabOnDisk: SD_4_New_MF_D_00045 852143
FabOnDisk: SD_4_New_MF_D_00045 0
FabOnDisk: SD_4_New_MF_D_00044 2982490
FabOnDisk: SD_4_New_MF_D_00044 2130350
FabOnDisk: SD_4_New_MF_D_00044 1278210
FabOnDisk: SD_4_New_MF_D_00044 426070
FabOnDisk: SD_4_New_MF_D_00041 4260295
FabOnDisk: SD_4_New_MF_D_00043 4260295
FabOnDisk: SD_4_New_MF_D_00027 0
FabOnDisk: SD_4_New_MF_D_00041 2556177
FabOnDisk: SD_4_New_MF_D_00041 852059
FabOnDisk: SD_4_New_MF_D_00028 0
FabOnDisk: SD_4_New_MF_D_00018 852056
FabOnDisk: SD_4_New_MF_D_00030 852056
FabOnDisk: SD_4_New_MF_D_00036 1704115
FabOnDisk: SD_4_New_MF_D_00056 852057
FabOnDisk: SD_4_New_MF_D_00056 0
FabOnDisk: SD_4_New_MF_D_00043 2556177
FabOnDisk: SD_4_New_MF_D_00046 1704288
FabOnDisk: SD_4_New_MF_D_00040 5112354
FabOnDisk: SD_4_New_MF_D_00040 1704118
FabOnDisk: SD_4_New_MF_D_00006 0
FabOnDisk: SD_4_New_MF_D_00038 3408236
FabOnDisk: SD_4_New_MF_D_00010 852057
FabOnDisk: SD_4_New_MF_D_00026 852057
FabOnDisk: SD_4_New_MF_D_00054 0
FabOnDisk: SD_4_New_MF_D_00034 0
FabOnDisk: SD_4_New_MF_D_00032 2556171
FabOnDisk: SD_4_New_MF_D_00043 852059
FabOnDisk: SD_4_New_MF_D_00042 5112352
FabOnDisk: SD_4_New_MF_D_00040 3408236
FabOnDisk: SD_4_New_MF_D_00040 0
FabOnDisk: SD_4_New_MF_D_00055 0
FabOnDisk: SD_4_New_MF_D_00038 1704118
FabOnDisk: SD_4_New_MF_D_00036 0
FabOnDisk: SD_4_New_MF_D_00000 0
FabOnDisk: SD_4_New_MF_D_00034 1704114
FabOnDisk: SD_4_New_MF_D_00047 0
FabOnDisk: SD_4_New_MF_D_00032 852057
FabOnDisk: SD_4_New_MF_D_00042 3408234
FabOnDisk: SD_4_New_MF_D_00042 0
FabOnDisk: SD_4_New_MF_D_00058 0
FabOnDisk: SD_4_New_MF_D_00039 2556175
FabOnDisk: SD_4_New_MF_D_00038 0
FabOnDisk: SD_4_New_MF_D_00035 1704113
FabOnDisk: SD_4_New_MF_D_00003 0
FabOnDisk: SD_4_New_MF_D_00032 3408228
FabOnDisk: SD_4_New_MF_D_00048 0
FabOnDisk: SD_4_New_MF_D_00033 852057
FabOnDisk: SD_4_New_MF_D_00012 0
FabOnDisk: SD_4_New_MF_D_00042 1704117
FabOnDisk: SD_4_New_MF_D_00021 0
FabOnDisk: SD_4_New_MF_D_00039 4260292
FabOnDisk: SD_4_New_MF_D_00039 852058
FabOnDisk: SD_4_New_MF_D_00031 2556169
FabOnDisk: SD_4_New_MF_D_00029 852057
FabOnDisk: SD_4_New_MF_D_00035 852056
FabOnDisk: SD_4_New_MF_D_00023 0
FabOnDisk: SD_4_New_MF_D_00052 0
FabOnDisk: SD_4_New_MF_D_00053 0
FabOnDisk: SD_4_New_MF_D_00030 0

138,13
-1.1476718804641126e-38,-1.4548469481353931e-08,-1.6936647567611573e-18,-1.1476718804641126e-38,-1.1476718804641126e-38,-1.1476718804641126e-38,-1.6936647567611573e-18,-1.1476718804641126e-38,-1.1476718804641126e-38,-1.1476718804641126e-38,-1.1476718804641126e-38,0.0000000000000000e+00,0.0000000000000000e+00,
0.0000000000000000e+00,0.0000000000000000e+00,0.0000000000000000e+00,0.0000000000000000e+00,0.0000000000000000e+00,0.0000000000000000e+00,0.0000000000000000e+00,0.0000000000000000e+00,0.0000000000000000e+00,0.0000000000000000e+00,0.0000000000000000e+00,0.0000000000000000e+00,0.0000000000000000e+00,
-1.1476718804641126e-38,-1.4548469481353931e-08,-1.6936647567611573e-18,-1.1476718804641126e-38,-1.1476718804641126e-38,-1.1476718804641126e-38,-1.6936647567611573e-18,-1.1476718804641126e-38,-1.1476718804641126e-38,-1.1476718804641126e-38,-1.1476718804641126e-38,0.0000000000000000e+00,0.0000000000000000e+00,
-1.1476718804641126e-38,-1.4548469481353931e-08,-1.6936647567611573e-18,-1.1476718804641126e-38,-1.1476718804641126e-38,-1.1476718804641126e-38,-1.6936647567611573e-18,-1.1476718804641126e-38,-1.1476718804641126e-38,-1.1476718804641126e-38,-1.1476718804641126e-38,0.0000000000000000e+00,0.0000000000000000e+00,
-1.1476718804641126e-38,-1.4548469481353931e-08,-1.6936647567611573e-18,-1.1476718804641126e-38,-1.1476718804641126e-38,-1.1476718804641126e-38,-1.6936647567611573e-18,-1.1476718804641126e-38,-1.1476718804641126e-38,-1.1476718804641126e-38,-1.1476718804641126e-38,0.0000000000000000e+00,0.0000000000000000e+00,
-1.1476718804641126e-38,-1.4548469481353931e-08,-1.6936647567611573e-18,-1.1476718804641126e-38,-1.1476718804641126e-38,-1.1476718804641126e-38,-1.6936647567611573e-18,-1.1476718804641126e-38,-1.1476718804641126e-38,-1.1476718804641126e-38,-1.1476718804641126e-38,0.0000000000000000e+00,0.0000000000000000e+00,
-2.2953437609282252e-38,-2.9096938962707862e-08,-3.3873295135223146e-18,-2.2953437609282252e-38,-2.2953437609282252e-38,-2.2953437609282252e-38,-3.3873295135223146e-18,-2.2953437609282252e-38,-2.2953437609282252e-38,-1.7265414692946957e-38,-2.2953437609282252e-38,0.0000000000000000e+00,0.0000000000000000e+00,
-1.3620062027395918e-13,-7.7551709812854241e+00,-2.0656608087044337e-03,-7.2890104320335558e-20,-2.7525206528515913e-12,-1.5947857172282562e-35,-1.3018659119507945e-04,-1.5781934250507528e-21,-3.6392134694084753e-32,6.2870769174355019e-28,-1.1476718804641126e-38,0.0000000000000000e+00,0.0000000000000000e+00,
-2.8691797011602822e-37,-5.7558548128353391e-11,-2.9096938962707865e-08,-2.2953437609282255e-38,1.6353646537629080e-36,-2.2953437609282255e-38,-3.3873295135223150e-18,-2.2953437609282255e-38,-2.2953437609282255e-38,-2.2953437609282255e-38,-2.2953437609282255e-38,0.0000000000000000e+00,0.0000000000000000e+00,
-4.5906875218564499e-38,-2.5468167797565164e-18,-2.1876989555916545e-08,-1.7257901784590947e-38,4.6330926423216313e-35,-1.7257901784590947e-38,-2.5468167797565164e-18,-1.7257901784590947e-38,-1.7257901784590947e-38,-1.7257901784590947e-38,-1.7257901784590947e-38,0.0000000000000000e+00,0.0000000000000000e+00,
-4.5906875218564504e-38,-1.6936647567611573e-18,-1.4548469481353931e-08,-1.1476718804641126e-38,7.6511588767087294e-32,-1.1476718804641126e-38,-1.6936647567611573e-18,-1.1476718804641126e-38,-1.1476718804641126e-38,-1.1476718804641126e-38,-1.1476718804641126e-38,0.0000000000000000e+00,0.0000000000000000e+00,
-4.5906875218564504e-38,-1.6936647567611573e-18,-1.4548469481353931e-08,-1.1476718804641126e-38,7.0399485311438884e-30,-1.1476718804641126e-38,-1.6936647567611573e-18,-1.1476718804641126e-38,-1.1476718804641126e-38,-1.1476718804641126e-38,-1.1476718804641126e-38,0.0000000000000000e+00,0.0000000000000000e+00,
-5.7383594023205633e-38,-1.6936647567611573e-18,-1.4548469481353931e-08,-1.1476718804641126e-38,1.2261075181853605e-30,-1.1476718804641126e-38,-1.6936647567611573e-18,-1.1476718804641126e-38,-1.1476718804641126e-38,-1.1476718804641126e-38,-1.1476718804641126e-38,0.0000000000000000e+00,0.0000000000000000e+00,
-4.5906875218564504e-38,-1.6936647567611573e-18,-1.4548469481353931e-08,-1.1476718804641126e-38,2.2916597341919355e-33,-1.1476718804641126e-38,-1.6936647567611573e-18,-1.1476718804641126e-38,-1.1476718804641126e-38,-1.1476718804641126e-38,-1.1476718804641126e-38,0.0000000000000000e+00,0.0000000000000000e+00,
-3.0987140772531043e-37,-1.6936647567611573e-18,-1.4548469481353931e-08,-1.1476718804641126e-38,7.9189359752023776e-37,-1.1476718804641126e-38,-1.6936647567611573e-18,-1.1476718804641126e-38,-1.1476718804641126e-38,-1.1476718804641126e-38,-1.1476718804641126e-38,0.0000000000000000e+00,0.0000000000000000e+00,
-4.9561907218819618e-19,-4.0735714547791012e-06,-2.1777801538446468e-08,-2.8748055437115769e-38,-2.0707238994056212e-20,-2.6967391029592343e-37,-2.6816358648718326e-18,-1.8171471440681785e-38,-1.7248057283986520e-38,-1.7179656235342424e-38,-1.8171471440681785e-38,0.0000000000000000e+00,0.0000000000000000e+00,
-1.1476718804641126e-38,-1.4548469481353931e-08,-1.6936647567611573e-18,-1.1476718804641126e-38,-1.1476718804641126e-38,-1.1476718804641126e-38,-1.6936647567611573e-18,-1.1476718804641126e-38,-1.1476718804641126e-38,1.1476718804641126e-38,-1.1476718804641126e-38,0.0000000000000000e+00,0.0000000000000000e+00,
0.0000000000000000e+00,0.0000000000000000e+00,0.0000000000000000e+00,0.0000000000000000e+00,0.0000000000000000e+00,0.0000000000000000e+00,0.0000000000000000e+00,0.0000000000000000e+00,0.0000000000000000e+00,0.0000000000000000e+00,0.0000000000000000e+00,0.0000000000000000e+00,0.0000000000000000e+00,
-1.1476718804641126e-38,-1.4548469481353931e-08,-1.6936647567611573e-18,-1.1476718804641126e-38,-1.1476718804641126e-38,-1.1476718804641126e-38,-1.6936647567611573e-18,-1.1476718804641126e-38,-1.1476718804641126e-38,-1.1476718804641126e-38,-1.1476718804641126e-38,0.0000000000000000e+00,0.0000000000000000e+00,
-1.1476718804641126e-38,-1.4548469481353931e-08,-1.6936647567611573e-18,-1.1476718804641126e-38,-1.1476718804641126e-38,-1.1476718804641126e-38,-1.6936647567611573e-18,-1.1476718804641126e-38,-1.1476718804641126e-38,-1.1476718804641126e-38,-1.1476718804641126e-38,0.0000000000000000e+00,0.0000000000000000e+00,
-1.1476718804641126e-38,-1.4548469481353931e-08,-1.6936647567611573e-18,-1.1476718804641126e-38,-1.1476718804641126e-38,-1.1476718804641126e-38,-1.6936647567611573e-18,-1.1476718804641126e-38,-1.1476718804641126e-38,-1.1476718804641126e-38,-1.1476718804641126e-38,0.0000000000000000e+00,0.0000000000000000e+00,
-1.1476718804641126e-38,-1.4548469481353931e-08,-1.6936647567611573e-18,-1.1476718804641126e-38,-1.1476718804641126e-38,-1.1476718804641126e-38,-1.6936647567611573e-18,-1.1476718804641126e-38,-1.1476718804641126e-38,-1.1476718804641126e-38,-1.1476718804641126e-38,0.0000000000000000e+00,0.0000000000000000e+00,
-1.1476718804641126e-38,-1.4548469481353931e-08,-1.6936647567611573e-18,-1.1476718804641126e-38,-1.1476718804641126e-38,-1.1476718804641126e-38,-1.6936647567611573e-18,-1.1476718804641126e-38,-1.1476718804641126e-38,-1.1476718804641126e-38,-1.1476718804641126e-38,0.0000000000000000e+00,0.0000000000000000e+00,
-1.1476718804641126e-38,-1.4548469481353931e-08,-1.6936647567611573e-18,-1.1476718804641126e-38,-1.1476718804641126e-38,-1.1476718804641126e-38,-1.6936647567611573e-18,-1.1476718804641126e-38,-1.1476718804641126e-38,-1.1476718804641126e-38,-1.1476718804641126e-38,0.0000000000000000e+00,0.0000000000000000e+00,
-1.1476718804641126e-38,-1.4548469481353931e-08,-1.6936647567611573e-18,-1.1476718804641126e-38,-1.1476718804641126e-38,-1.1476718804641126e-38,-1.6936647567611573e-18,-1.1476718804641126e-38,-1.1476718804641126e-38,-1.1476718804641126e-38,-1.1476718804641126e-38,0.0000000000000000e+00,0.0000000000000000e+00,
-1.1476718804641126e-38,-1.4548469481353931e-08,-1.6936647567611573e-18,-1.1476718804641126e-38,-1.1476718804641126e-38,-1.1476718804641126e-38,-1.6936647567611573e-18,-1.1476718804641126e-38,-1.1476718804641126e-38,-1.1476718804641126e-38,-1.1476718804641126e-38,0.0000000000000000e+00,0.0000000000000000e+00,
-1.1476718804641126e-38,-1.4548469481353931e-08,-1.6936647567611573e-18,-1.1476718804641126e-38,-1.1476718804641126e-38,-1.1476718804641126e-38,-1.6936647567611573e-18,-1.1476718804641126e-38,-1.1476718804641126e-38,-1.1476718804641126e-38,-1.1476718804641126e-38,0.0000000000000000e+00,0.0000000000000000e+00,
-1.1476718804641126e-38,-1.4548469481353931e-08,-1.6936647567611573e-18,-1.1476718804641126e-38,-1.1476718804641126e-38,-1.1476718804641126e-38,-1.6936647567611573e-18,-1.1476718804641126e-38,-1.1476718804641126e-38,-1.1476718804641126e-38,-1.1476718804641126e-38,0.0000000000000000e+00,0.0000000000000000e+00,
-1.1476718804641126e-38,-1.4548469481353931e-08,-1.6936647567611573e-18,-1.1476718804641126e-38,-1.1476718804641126e-38,-1.1476718804641126e-38,-1.6936647567611573e-18,-1.1476718804641126e-38,-1.1476718804641126e-38,-1.1476718804641126e-38,-1.1476718804641126e-38,0.0000000000000000e+00,0.0000000000000000e+00,
-1.1476718804641126e-38,-1.4548469481353931e-08,-1.6936647567611573e-18,-1.1476718804641126e-38,-1.1476718804641126e-38,-1.1476718804641126e-38,-1.6936647567611573e-18,-1.1476718804641126e-38,-1.1476718804641126e-38,-1.1476718804641126e-38,-1.1476718804641126e-38,0.0000000000000000e+00,0.0000000000000000e+00,
-1.1476718804641126e-38,-1.4548469481353931e-08,-1.6936647567611573e-18,-1.1476718804641126e-38,-1.1476718804641126e-38,-1.1476718804641126e-38,-1.6936647567611573e-18,-1.1476718804641126e-38,-1.1476718804641126e-38,-1.1476718804641126e-38,-1.1476718804641126e-38,0.0000000000000000e+00,0.0000000000000000e+00,
-4.6112783244999326e-23,-2.1826569383954743e-08,-2.5409470992110138e-18,-1.7218127282095761e-38,-1.7366120139305444e-23,-1.7218127282095761e-38,-2.5409470992110138e-18,-1.7218127282095761e-38,-1.7218127282095761e-38,-1.1476718804641126e-38,-1.7218127282095761e-38,0.0000000000000000e+00,0.0000000000000000e+00,
-3.5606639487054712e-19,-4.0735714547791003e-06,-3.6391447490287495e-09,-3.4430156413923376e-38,-1.8258984850658233e-20,-2.6396453250674592e-37,-2.5409078200973035e-18,-2.2953437609282247e-38,-1.7217861116468148e-38,1.7100311018915277e-36,-2.2965925877840078e-38,0.0000000000000000e+00,0.0000000000000000e+00,
-3.3692738925043689e-19,-4.0735789772555648e-06,-1.4556560954925317e-08,-3.4424318815345228e-38,-1.6433487351008239e-20,-2.6969422369244661e-37,-2.5409159444287686e-18,-1.7224244915272110e-38,-1.7224244915272110e-38,-1.1483101851807222e-38,-2.2959335203734792e-38,0.0000000000000000e+00,0.0000000000000000e+00,
-5.6079004787246710e-19,-4.0735638536978682e-06,-1.4548469481353929e-08,-3.4430156413923381e-38,-1.4313500173230229e-20,-2.6969413551119924e-37,-2.5409192848817062e-18,-2.2953437609282255e-38,-1.7217732397249538e-38,-1.1476718804641125e-38,-2.2953437609282255e-38,0.0000000000000000e+00,0.0000000000000000e+00,
-3.2769156723272273e-19,-3.8189610745832646e-06,-3.3873295135223146e-18,-2.8701245462868983e-38,-1.7868242229262856e-20,-2.4673374137699580e-37,-3.3873295135223146e-18,-2.2953437609282252e-38,-2.2953437609282252e-38,9.1813750437129009e-38,-2.2953437609282252e-38,0.0000000000000000e+00,0.0000000000000000e+00,
-1.1483087683001082e-38,-1.8191510495618047e-08,-2.1177705488654373e-18,-1.1483087683001082e-38,-1.1483087683001082e-38,-1.1483087683001082e-38,-2.1177705488654373e-18,-1.1483087683001082e-38,-1.1483087683001082e-38,-1.1476718804641126e-38,-1.1483087683001082e-38,0.0000000000000000e+00,0.0000000000000000e+00,
-1.1476718804641126e-38,-1.4548469481353931e-08,-1.6936647567611573e-18,-1.1476718804641126e-38,-1.1476718804641126e-38,-1.1476718804641126e-38,-1.6936647567611573e-18,-1.1476718804641126e-38,-1.1476718804641126e-38,-1.1476718804641126e-38,-1.1476718804641126e-38,0.0000000000000000e+00,0.0000000000000000e+00,
-1.1476718804641126e-38,-1.4548469481353931e-08,-1.6936647567611573e-18,-1.1476718804641126e-38,-1.1476718804641126e-38,-1.1476718804641126e-38,-1.6936647567611573e-18,-1.1476718804641126e-38,-1.1476718804641126e-38,-1.1476718804641126e-38,-1.1476718804641126e-38,0.0000000000000000e+00,0.0000000000000000e+00,
-1.1476718804641126e-38,-1.4548469481353931e-08,-1.6936647567611573e-18,-1.1476718804641126e-38,-1.1476718804641126e-38,-1.1476718804641126e-38,-1.6936647567611573e-18,-1.1476718804641126e-38,-1.1476718804641126e-38,-1.1476718804641126e-38,-1.1476718804641126e-38,0.0000000000000000e+00,0.0000000000000000e+00,
-1.1476718804641126e-38,-1.4548469481353931e-08,-1.6936647567611573e-18,-1.1476718804641126e-38,-1.1476718804641126e-38,-1.1476718804641126e-38,-1.6936647567611573e-18,-1.1476718804641126e-38,-1.1476718804641126e-38,-1.1476718804641126e-38,-1.1476718804641126e-38,0.0000000000000000e+00,0.0000000000000000e+00,
-1.3120153055557276e-20,-2.1821569396018307e-07,-2.5410876737598534e-18,-1.7219079852291062e-38,-9.2290593297263554e-22,-6.8860312827846762e-38,-2.5410876737598534e-18,-1.7219079852291062e-38,-1.7219079852291062e-38,5.7383594023205633e-38,-1.7219079852291062e-38,0.0000000000000000e+00,0.0000000000000000e+00,
-4.4148955968433059e-19,-4.0808412377237307e-06,-1.8177668599071939e-08,-4.0172115790774875e-38,-2.3385796584963681e-20,-2.6395051941907235e-37,-3.3873295135223142e-18,-2.8695648259523839e-38,-2.2961396498883255e-38,-1.1484999265539136e-38,-2.8695648259523839e-38,0.0000000000000000e+00,0.0000000000000000e+00,
-3.4258653220773424e-25,-4.0735714547791003e-06,-2.1827734813137868e-08,-2.2953437609282255e-38,-7.0582526473802944e-42,-2.2381912860984391e-37,-2.5410827730244338e-18,-1.7219046643616132e-38,-1.7219046643616132e-38,-1.7219046643616132e-38,-1.7219046643616132e-38,0.0000000000000000e+00,0.0000000000000000e+00,
-3.0987140772531043e-37,-2.2731983564615517e-10,-1.8179436145880117e-08,-1.1476718804641127e-38,-6.5581250312238049e-42,-1.1476718804641127e-38,-2.1163649095548453e-18,-1.1476718804641127e-38,-1.1476718804641127e-38,-1.1476718804641127e-38,-1.1476718804641127e-38,0.0000000000000000e+00,0.0000000000000000e+00,
-2.9839468892066930e-37,-3.6391492794839231e-09,-2.1827409419146467e-08,-1.7218789953017522e-38,-5.7416611050836942e-39,-1.7218789953017522e-38,-2.5410448921782043e-18,-1.7218789953017522e-38,-1.7218789953017522e-38,-1.7218789953017522e-38,-1.7218789953017522e-38,0.0000000000000000e+00,0.0000000000000000e+00,
-3.8315498452099315e-19,-4.0772021309734590e-06,-2.1827446226425080e-08,-3.4430156413923370e-38,-1.5036468844123005e-20,-2.5248116438645897e-37,-2.5410491771093895e-18,-2.2966829346510541e-38,-1.7218818988840646e-38,-1.7218818988840646e-38,-2.2966829346510541e-38,0.0000000000000000e+00,0.0000000000000000e+00,
-3.9206822321853002e-19,-4.0808511919666313e-06,-1.4537226460116409e-08,-2.8695690064114563e-38,-1.9137540952806352e-20,-2.6395689154882007e-37,-2.5410535296084769e-18,-1.7227571006821607e-38,-1.7218848482521685e-38,-1.1467849624730275e-38,-2.2961440899941002e-38,0.0000000000000000e+00,0.0000000000000000e+00,
-1.7219554306339473e-38,-2.1828378352093825e-08,-2.5411576908190997e-18,-1.7219554306339473e-38,-1.7219554306339473e-38,-1.7219554306339473e-38,-2.5411576908190997e-18,-1.7219554306339473e-38,-1.7219554306339473e-38,-1.1476718804641126e-38,-1.7219554306339473e-38,0.0000000000000000e+00,0.0000000000000000e+00,
-1.1476718804641126e-38,-1.4548469481353931e-08,-1.6936647567611573e-18,-1.1476718804641126e-38,-1.1476718804641126e-38,-1.1476718804641126e-38,-1.6936647567611573e-18,-1.1476718804641126e-38,-1.1476718804641126e-38,-1.1476718804641126e-38,-1.1476718804641126e-38,0.0000000000000000e+00,0.0000000000000000e+00,
-1.7222162601285541e-38,-2.1831684758747780e-08,-2.5415426072138106e-18,-1.7222162601285541e-38,-1.7222162601285541e-38,-1.7222162601285541e-38,-2.5415426072138106e-18,-1.7222162601285541e-38,-1.7222162601285541e-38,-1.7222162601285541e-38,-1.7222162601285541e-38,0.0000000000000000e+00,0.0000000000000000e+00,
-9.7425418787710027e-38,-2.9096938962707862e-08,-3.3873295135223146e-18,-2.2953437609282252e-38,-2.2953437609282252e-38,-2.2953437609282252e-38,-3.3873295135223146e-18,-2.2953437609282252e-38,-2.2953437609282252e-38,-1.1476718804641126e-38,-2.2953437609282252e-38,0.0000000000000000e+00,0.0000000000000000e+00,
-4.1992233495496174e-19,-4.1208398100063432e-06,-1.4548469481353934e-08,-4.0163644543406661e-38,-2.3841546944455887e-20,-2.6968543239770041e-37,-2.5413422772359284e-18,-2.2980698224020119e-38,-2.2980698224020119e-38,-1.1476718804641129e-38,-2.2980698224020119e-38,0.0000000000000000e+00,0.0000000000000000e+00,
-3.0987140772531043e-37,-2.8437283207304538e-11,-2.9096938962707862e-08,-2.2953437609282252e-38,-9.4536398720266546e-42,-2.2953437609282252e-38,-3.3873295135223146e-18,-2.2953437609282252e-38,-2.2953437609282252e-38,-2.2953437609282252e-38,-2.2953437609282252e-38,0.0000000000000000e+00,0.0000000000000000e+00,
-3.0987140772531043e-37,-1.6936647567611573e-18,-1.4548469481353931e-08,-1.1476718804641126e-38,2.2723903233189431e-36,-1.1476718804641126e-38,-1.6936647567611573e-18,-1.1476718804641126e-38,-1.1476718804641126e-38,-1.1476718804641126e-38,-1.1476718804641126e-38,0.0000000000000000e+00,0.0000000000000000e+00,
-4.5906875218564504e-38,-1.6936647567611573e-18,-1.4548469481353931e-08,-1.1476718804641126e-38,4.5964258812587714e-35,-1.1476718804641126e-38,-1.6936647567611573e-18,-1.1476718804641126e-38,-1.1476718804641126e-38,-1.1476718804641126e-38,-1.1476718804641126e-38,0.0000000000000000e+00,0.0000000000000000e+00,
-5.7383594023205633e-38,-1.6936647567611573e-18,-1.4548469481353931e-08,-1.1476718804641126e-38,1.4254084755364278e-35,-1.1476718804641126e-38,-1.6936647567611573e-18,-1.1476718804641126e-38,-1.1476718804641126e-38,-1.1476718804641126e-38,-1.1476718804641126e-38,0.0000000000000000e+00,0.0000000000000000e+00,
-2.9839468892066930e-37,-1.6936647567611573e-18,-1.4548469481353931e-08,-1.1476718804641126e-38,2.0658093848354028e-37,-1.1476718804641126e-38,-1.6936647567611573e-18,-1.1476718804641126e-38,-1.1476718804641126e-38,-1.1476718804641126e-38,-1.1476718804641126e-38,0.0000000000000000e+00,0.0000000000000000e+00,
-4.8332713119049159e-19,-4.0735714547791012e-06,-2.1828964320775025e-08,-3.4440206080127096e-38,-2.4884985325112636e-20,-2.4673585629172182e-37,-2.5412259065517021e-18,-2.2942985224214278e-38,-1.7220016554123755e-38,-1.7220016554123755e-38,-2.2942985224214278e-38,0.0000000000000000e+00,0.0000000000000000e+00,
-3.6558066559135338e-19,-3.8225867385804831e-06,-2.9643765805565225e-18,-2.8699097723310602e-38,-2.2044331069382952e-20,-2.4674240471820892e-37,-3.3873295135223146e-18,-2.2953437609282252e-38,-2.2953437609282252e-38,2.4445231449522460e-36,-2.2953437609282252e-38,0.0000000000000000e+00,0.0000000000000000e+00,
-1.1476718804641126e-38,-1.4548469481353931e-08,-1.6936647567611573e-18,-1.1476718804641126e-38,-1.1476718804641126e-38,-1.1476718804641126e-38,-1.6936647567611573e-18,-1.1476718804641126e-38,-1.1476718804641126e-38,-1.1476718804641126e-38,-1.1476718804641126e-38,0.0000000000000000e+00,0.0000000000000000e+00,
-1.7235142400676096e-38,-2.1848138609236060e-08,-2.5434580875136959e-18,-1.7235142400676096e-38,-1.7235142400676096e-38,-1.7235142400676096e-38,-2.5434580875136959e-18,-1.7235142400676096e-38,-1.7235142400676096e-38,-1.7235142400676096e-38,-1.7235142400676096e-38,0.0000000000000000e+00,0.0000000000000000e+00,
-9.6721741393217572e-18,-6.1458101379469818e+00,-2.5422395885951939e-18,-2.7835272604357398e-21,-1.9021746753862717e-18,-2.0650233082049478e-37,-2.5422395885951939e-18,-1.7226885530834777e-38,-4.8297296171037504e-33,1.7214628727112941e-36,-1.7226885530834777e-38,0.0000000000000000e+00,0.0000000000000000e+00,
-2.5096216477124740e-25,-4.1826849758892559e-06,-2.1848870534047720e-08,-2.8683480548700902e-38,-5.7294211477998148e-39,-2.4675828254501854e-37,-2.5435432947761984e-18,-1.7235719787545576e-38,-1.7235719787545576e-38,-1.7235719787545576e-38,-1.7235719787545576e-38,0.0000000000000000e+00,0.0000000000000000e+00,
-2.8118755857991587e-37,-3.3873295135223142e-18,-2.9096938962707859e-08,-2.2953437609282250e-38,2.2838370768003341e-36,-2.2953437609282250e-38,-3.3873295135223142e-18,-2.2953437609282250e-38,-2.2953437609282250e-38,-2.2953437609282250e-38,-2.2953437609282250e-38,0.0000000000000000e+00,0.0000000000000000e+00,
-4.5906875218564504e-38,-1.6936647567611573e-18,-1.4548469481353931e-08,-1.1476718804641126e-38,1.4473749153285110e-33,-1.1476718804641126e-38,-1.6936647567611573e-18,-1.1476718804641126e-38,-1.1476718804641126e-38,-1.1476718804641126e-38,-1.1476718804641126e-38,0.0000000000000000e+00,0.0000000000000000e+00,
-4.5906875218564504e-38,-1.6936647567611573e-18,-1.4548469481353931e-08,-1.1476718804641126e-38,7.6511554336930883e-32,-1.1476718804641126e-38,-1.6936647567611573e-18,-1.1476718804641126e-38,-1.1476718804641126e-38,-1.1476718804641126e-38,-1.1476718804641126e-38,0.0000000000000000e+00,0.0000000000000000e+00,
-4.5906875218564504e-38,-1.6936647567611573e-18,-1.4548469481353931e-08,-1.1476718804641126e-38,1.6183252326111626e-32,-1.1476718804641126e-38,-1.6936647567611573e-18,-1.1476718804641126e-38,-1.1476718804641126e-38,-1.1476718804641126e-38,-1.1476718804641126e-38,0.0000000000000000e+00,0.0000000000000000e+00,
-5.7383594023205633e-38,-1.6936647567611573e-18,-1.4548469481353931e-08,-1.1476718804641126e-38,6.9376765174055614e-35,-1.1476718804641126e-38,-1.6936647567611573e-18,-1.1476718804641126e-38,-1.1476718804641126e-38,-1.1476718804641126e-38,-1.1476718804641126e-38,0.0000000000000000e+00,0.0000000000000000e+00,
-3.0987140772531043e-37,-1.6936647567611573e-18,-1.4548469481353931e-08,-1.1476718804641126e-38,5.7383594023205633e-38,-1.1476718804641126e-38,-1.6936647567611573e-18,-1.1476718804641126e-38,-1.1476718804641126e-38,-1.1476718804641126e-38,-1.1476718804641126e-38,0.0000000000000000e+00,0.0000000000000000e+00,
-5.8256533282699569e-19,-4.0808344290944834e-06,-1.4590517081011023e-08,-3.4430156413923381e-38,-2.0738370525105878e-20,-2.6969316587618114e-37,-3.3873295135223146e-18,-2.2953437609282252e-38,-2.2953437609282252e-38,-1.1509888512168991e-38,-2.3010535712787931e-38,0.0000000000000000e+00,0.0000000000000000e+00,
-1.1476718804641126e-38,-1.4548469481353931e-08,-1.6936647567611573e-18,-1.1476718804641126e-38,-1.1476718804641126e-38,-1.1476718804641126e-38,-1.6936647567611573e-18,-1.1476718804641126e-38,-1.1476718804641126e-38,-1.1476718804641126e-38,-1.1476718804641126e-38,0.0000000000000000e+00,0.0000000000000000e+00,
-1.7366087664917494e-38,-2.2014131452048712e-08,-2.5627821977306986e-18,-1.7366087664917494e-38,-1.7366087664917494e-38,-1.7366087664917494e-38,-2.5627821977306986e-18,-1.7366087664917494e-38,-1.7366087664917494e-38,-1.7366087664917494e-38,-1.7366087664917494e-38,0.0000000000000000e+00,0.0000000000000000e+00,
-6.4283914897950570e-19,-1.5969782207334803e-03,-2.5789895159772167e-18,-2.2953437609282253e-37,-1.3434902150671067e-20,-2.0647660467622539e-37,-3.3873295135223146e-18,-2.2953437609282252e-38,-2.2953437609282252e-38,4.5856976441153020e-38,-2.2953437609282252e-38,0.0000000000000000e+00,0.0000000000000000e+00,
-3.6866570927997953e-09,-6.3107753946504727e+02,-9.4060386045125711e+02,-8.3291613276881605e-19,-2.7164206651034172e-08,-1.2548836317808412e-30,-1.7015185506713866e+01,-1.7544834268705553e-20,-5.8573888375117397e-30,6.3054177527073601e-38,-1.7276124583582125e-38,0.0000000000000000e+00,0.0000000000000000e+00,
-2.8691797011602818e-37,-2.5470112303600477e-18,-2.1878659873882255e-08,-1.7259219433133383e-38,1.6812715289814727e-36,-1.7259219433133383e-38,-2.5470112303600477e-18,-1.7259219433133383e-38,-1.7259219433133383e-38,-1.7259219433133383e-38,-1.7259219433133383e-38,0.0000000000000000e+00,0.0000000000000000e+00,
-4.5906875218564504e-38,-1.6936647567611573e-18,-1.4548469481353931e-08,-1.1476718804641126e-38,2.2917974548175912e-33,-1.1476718804641126e-38,-1.6936647567611573e-18,-1.1476718804641126e-38,-1.1476718804641126e-38,-1.1476718804641126e-38,-1.1476718804641126e-38,0.0000000000000000e+00,0.0000000000000000e+00,
-5.7383594023205633e-38,-1.6936647567611573e-18,-1.4548469481353931e-08,-1.1476718804641126e-38,1.2261075296620792e-30,-1.1476718804641126e-38,-1.6936647567611573e-18,-1.1476718804641126e-38,-1.1476718804641126e-38,-1.1476718804641126e-38,-1.1476718804641126e-38,0.0000000000000000e+00,0.0000000000000000e+00,
-4.5906875218564504e-38,-1.6936647567611573e-18,-1.4548469481353931e-08,-1.1476718804641126e-38,7.0399485311438884e-30,-1.1476718804641126e-38,-1.6936647567611573e-18,-1.1476718804641126e-38,-1.1476718804641126e-38,-1.1476718804641126e-38,-1.1476718804641126e-38,0.0000000000000000e+00,0.0000000000000000e+00,
-4.5906875218564504e-38,-1.6936647567611573e-18,-1.4548469481353931e-08,-1.1476718804641126e-38,7.6511542860212076e-32,-1.1476718804641126e-38,-1.6936647567611573e-18,-1.1476718804641126e-38,-1.1476718804641126e-38,-1.1476718804641126e-38,-1.1476718804641126e-38,0.0000000000000000e+00,0.0000000000000000e+00,
-4.5906875218564504e-38,-1.6936647567611573e-18,-1.4548469481353931e-08,-1.1476718804641126e-38,4.5964258812587714e-35,-1.1476718804641126e-38,-1.6936647567611573e-18,-1.1476718804641126e-38,-1.1476718804641126e-38,-1.1476718804641126e-38,-1.1476718804641126e-38,0.0000000000000000e+00,0.0000000000000000e+00,
-9.1813750437129009e-38,-1.1319024874116403e-10,-2.1748477336921943e-08,-1.7156523519182904e-38,-5.7105032887170659e-39,-1.7156523519182904e-38,-2.5318559884235663e-18,-1.7156523519182904e-38,-1.7156523519182904e-38,-1.7156523519182904e-38,-1.7156523519182904e-38,0.0000000000000000e+00,0.0000000000000000e+00,
-5.8708169497456991e-22,-2.2102482481287700e-08,-2.5730676112332964e-18,-1.7435784337820170e-38,-6.9074175150456263e-23,-1.7435784337820170e-38,-2.5730676112332964e-18,-1.7435784337820170e-38,-1.7435784337820170e-38,1.7169171331743124e-35,-1.7435784337820170e-38,0.0000000000000000e+00,0.0000000000000000e+00,
0.0000000000000000e+00,0.0000000000000000e+00,0.0000000000000000e+00,0.0000000000000000e+00,0.0000000000000000e+00,0.0000000000000000e+00,0.0000000000000000e+00,0.0000000000000000e+00,0.0000000000000000e+00,0.0000000000000000e+00,0.0000000000000000e+00,0.0000000000000000e+00,0.0000000000000000e+00,
-1.1476718804641126e-38,-1.4548469481353931e-08,-1.6936647567611573e-18,-1.1476718804641126e-38,-1.1476718804641126e-38,-1.1476718804641126e-38,-1.6936647567611573e-18,-1.1476718804641126e-38,-1.1476718804641126e-38,-1.1476718804641126e-38,-1.1476718804641126e-38,0.0000000000000000e+00,0.0000000000000000e+00,
-1.1476718804641126e-38,-1.4548469481353931e-08,-1.6936647567611573e-18,-1.1476718804641126e-38,-1.1476718804641126e-38,-1.1476718804641126e-38,-1.6936647567611573e-18,-1.1476718804641126e-38,-1.1476718804641126e-38,-1.1476718804641126e-38,-1.1476718804641126e-38,0.0000000000000000e+00,0.0000000000000000e+00,
-1.1476718804641126e-38,-1.4548469481353931e-08,-1.6936647567611573e-18,-1.1476718804641126e-38,-1.1476718804641126e-38,-1.1476718804641126e-38,-1.6936647567611573e-18,-1.1476718804641126e-38,-1.1476718804641126e-38,-1.1476718804641126e-38,-1.1476718804641126e-38,0.0000000000000000e+00,0.0000000000000000e+00,
-1.1476718804641126e-38,-1.4548469481353931e-08,-1.6936647567611573e-18,-1.1476718804641126e-38,-1.1476718804641126e-38,-1.1476718804641126e-38,-1.6936647567611573e-18,-1.1476718804641126e-38,-1.1476718804641126e-38,-1.1476718804641126e-38,-1.1476718804641126e-38,0.0000000000000000e+00,0.0000000000000000e+00,
-1.1476718804641126e-38,-1.4548469481353931e-08,-1.6936647567611573e-18,-1.1476718804641126e-38,-1.1476718804641126e-38,-1.1476718804641126e-38,-1.6936647567611573e-18,-1.1476718804641126e-38,-1.1476718804641126e-38,-1.1476718804641126e-38,-1.1476718804641126e-38,0.0000000000000000e+00,0.0000000000000000e+00,
-1.1476718804641126e-38,-1.4548469481353931e-08,-1.6936647567611573e-18,-1.1476718804641126e-38,-1.1476718804641126e-38,-1.1476718804641126e-38,-1.6936647567611573e-18,-1.1476718804641126e-38,-1.1476718804641126e-38,-1.1476718804641126e-38,-1.1476718804641126e-38,0.0000000000000000e+00,0.0000000000000000e+00,
-1.1476718804641126e-38,-1.4548469481353931e-08,-1.6936647567611573e-18,-1.1476718804641126e-38,-1.1476718804641126e-38,-1.1476718804641126e-38,-1.6936647567611573e-18,-1.1476718804641126e-38,-1.1476718804641126e-38,-1.1476718804641126e-38,-1.1476718804641126e-38,0.0000000000000000e+00,0.0000000000000000e+00,
-1.1476718804641126e-38,-1.4548469481353931e-08,-1.6936647567611573e-18,-1.1476718804641126e-38,-1.1476718804641126e-38,-1.1476718804641126e-38,-1.6936647567611573e-18,-1.1476718804641126e-38,-1.1476718804641126e-38,-1.1476718804641126e-38,-1.1476718804641126e-38,0.0000000000000000e+00,0.0000000000000000e+00,
-1.1476718804641126e-38,-1.4548469481353931e-08,-1.6936647567611573e-18,-1.1476718804641126e-38,-1.1476718804641126e-38,-1.1476718804641126e-38,-1.6936647567611573e-18,-1.1476718804641126e-38,-1.1476718804641126e-38,-1.1476718804641126e-38,-1.1476718804641126e-38,0.0000000000000000e+00,0.0000000000000000e+00,
-1.1476718804641126e-38,-1.4548469481353931e-08,-1.6936647567611573e-18,-1.1476718804641126e-38,-1.1476718804641126e-38,-1.1476718804641126e-38,-1.6936647567611573e-18,-1.1476718804641126e-38,-1.1476718804641126e-38,-1.1476718804641126e-38,-1.1476718804641126e-38,0.0000000000000000e+00,0.0000000000000000e+00,
0.0000000000000000e+00,0.0000000000000000e+00,0.0000000000000000e+00,0.0000000000000000e+00,0.0000000000000000e+00,0.0000000000000000e+00,0.0000000000000000e+00,0.0000000000000000e+00,0.0000000000000000e+00,0.0000000000000000e+00,0.0000000000000000e+00,0.0000000000000000e+00,0.0000000000000000e+00,
-1.1476718804641126e-38,-1.4548469481353931e-08,-1.6936647567611573e-18,-1.1476718804641126e-38,-1.1476718804641126e-38,-1.1476718804641126e-38,-1.6936647567611573e-18,-1.1476718804641126e-38,-1.1476718804641126e-38,-1.1476718804641126e-38,-1.1476718804641126e-38,0.0000000000000000e+00,0.0000000000000000e+00,
-1.1476718804641126e-38,-1.4548469481353931e-08,-1.6936647567611573e-18,-1.1476718804641126e-38,-1.1476718804641126e-38,-1.1476718804641126e-38,-1.6936647567611573e-18,-1.1476718804641126e-38,-1.1476718804641126e-38,-1.1476718804641126e-38,-1.1476718804641126e-38,0.0000000000000000e+00,0.0000000000000000e+00,
-1.7218140298425038e-38,-2.1826585884112365e-08,-2.5409490200821735e-18,-1.7218140298425038e-38,-1.7218140298425038e-38,-1.7218140298425038e-38,-2.5409490200821735e-18,-1.7218140298425038e-38,-1.7218140298425038e-38,-1.1476718804641126e-38,-1.7218140298425038e-38,0.0000000000000000e+00,0.0000000000000000e+00,
-3.1117313037221643e-19,-3.8226002193322932e-06,-3.3873295135223146e-18,-2.8694967375913488e-38,-1.3731378907753623e-20,-2.5247527084002320e-37,-3.3873295135223146e-18,-2.2953437609282252e-38,-2.2953437609282252e-38,9.1813750437129009e-38,-2.2953437609282252e-38,0.0000000000000000e+00,0.0000000000000000e+00,
-5.6079004787246710e-19,-4.0735638536978682e-06,-1.4548469481353929e-08,-3.4430156413923376e-38,-1.4313500173230232e-20,-2.6969413551119924e-37,-2.5409192848817062e-18,-2.2953437609282255e-38,-1.7217732397249538e-38,-1.1476718804641125e-38,-2.2953437609282255e-38,0.0000000000000000e+00,0.0000000000000000e+00,
-3.3692738925043082e-19,-4.0735789772555648e-06,-1.4556560954925317e-08,-3.4424318815345228e-38,-1.6433487351008239e-20,-2.6969422369244665e-37,-2.5409159444287686e-18,-1.7224244915272110e-38,-1.7224244915272110e-38,-1.1483101851807222e-38,-2.2959335203734792e-38,0.0000000000000000e+00,0.0000000000000000e+00,
-3.5299988698832840e-19,-4.0735714547791003e-06,-7.2782894980574990e-09,-3.4430156413923376e-38,-1.8258984850658233e-20,-2.6396453250674592e-37,-2.5409078200973035e-18,-2.2953437609282247e-38,-1.7218276846539347e-38,1.7100311018915277e-36,-2.2953437609282247e-38,0.0000000000000000e+00,0.0000000000000000e+00,
-2.1476381733070452e-23,-2.1826714274258392e-08,-2.5409470992110138e-18,-1.7218241580391854e-38,-1.9803065186112708e-23,-1.7218241580391854e-38,-2.5409639666623426e-18,-1.7218241580391854e-38,-1.7218241580391854e-38,-1.1476718804641126e-38,-1.7218241580391854e-38,0.0000000000000000e+00,0.0000000000000000e+00,
-1.1476718804641126e-38,-1.4548469481353931e-08,-1.6936647567611573e-18,-1.1476718804641126e-38,-1.1476718804641126e-38,-1.1476718804641126e-38,-1.6936647567611573e-18,-1.1476718804641126e-38,-1.1476718804641126e-38,-1.1476718804641126e-38,-1.1476718804641126e-38,0.0000000000000000e+00,0.0000000000000000e+00,
-1.1476718804641126e-38,-1.4548469481353931e-08,-1.6936647567611573e-18,-1.1476718804641126e-38,-1.1476718804641126e-38,-1.1476718804641126e-38,-1.6936647567611573e-18,-1.1476718804641126e-38,-1.1476718804641126e-38,-1.1476718804641126e-38,-1.1476718804641126e-38,0.0000000000000000e+00,0.0000000000000000e+00,
-1.1476718804641126e-38,-1.4548469481353931e-08,-1.6936647567611573e-18,-1.1476718804641126e-38,-1.1476718804641126e-38,-1.1476718804641126e-38,-1.6936647567611573e-18,-1.1476718804641126e-38,-1.1476718804641126e-38,-1.1476718804641126e-38,-1.1476718804641126e-38,0.0000000000000000e+00,0.0000000000000000e+00,
-1.1476718804641126e-38,-1.4548469481353931e-08,-1.6936647567611573e-18,-1.1476718804641126e-38,-1.1476718804641126e-38,-1.1476718804641126e-38,-1.6936647567611573e-18,-1.1476718804641126e-38,-1.1476718804641126e-38,-1.1476718804641126e-38,-1.1476718804641126e-38,0.0000000000000000e+00,0.0000000000000000e+00,
-2.2953437609282255e-38,-2.9096938962707865e-08,-3.3873295135223150e-18,-2.2953437609282255e-38,-2.2953437609282255e-38,-2.2953437609282255e-38,-3.3873295135223150e-18,-2.2953437609282255e-38,-2.2953437609282255e-38,-1.1476718804641126e-38,-2.2953437609282255e-38,0.0000000000000000e+00,0.0000000000000000e+00,
-5.2705352092344394e-19,-4.0735770246372482e-06,-1.4548469481353929e-08,-2.8695889992631572e-38,-2.2481191844992684e-20,-2.6969898826321459e-37,-3.3873295135223142e-18,-2.2953437609282250e-38,-2.2953437609282250e-38,-1.1476718804641125e-38,-2.2961531205054210e-38,0.0000000000000000e+00,0.0000000000000000e+00,
-4.1163153628292353e-19,-4.0735802294892814e-06,-2.1828060801368655e-08,-2.8695129392208115e-38,-1.7498749089924097e-20,-2.6395788319110010e-37,-2.5411207230492326e-18,-2.2946997250806025e-38,-1.7219303802986961e-38,-1.7219303802986961e-38,-2.2946997250806025e-38,0.0000000000000000e+00,0.0000000000000000e+00,
-2.9839468892066930e-37,-3.6391492794839231e-09,-2.1827409419146467e-08,-1.7218789953017522e-38,-5.7416611050836942e-39,-1.7218789953017522e-38,-2.5410448921782043e-18,-1.7218789953017522e-38,-1.7218789953017522e-38,-1.7218789953017522e-38,-1.7218789953017522e-38,0.0000000000000000e+00,0.0000000000000000e+00,
-3.0987140772531043e-37,-2.2731983564615517e-10,-1.8179436145880117e-08,-1.1476718804641127e-38,-6.5581250312238049e-42,-1.1476718804641127e-38,-2.1163649095548453e-18,-1.1476718804641127e-38,-1.1476718804641127e-38,-1.1476718804641127e-38,-1.1476718804641127e-38,0.0000000000000000e+00,0.0000000000000000e+00,
-2.3020038266439475e-25,-4.0735633271425191e-06,-2.1827325718054197e-08,-2.2953437609282255e-38,-5.7418972317917833e-39,-2.2955405046791619e-37,-2.5410351480886103e-18,-1.7218723924498105e-38,-1.7218723924498105e-38,-1.7218723924498105e-38,-1.7218723924498105e-38,0.0000000000000000e+00,0.0000000000000000e+00,
-4.9203550266902359e-19,-4.0735714547791003e-06,-1.4548469481353933e-08,-4.0172115790774880e-38,-1.6671962687247949e-20,-2.5822259110729529e-37,-3.3873295135223142e-18,-2.2953437609282255e-38,-1.7219046643616132e-38,-1.1476718804641127e-38,-2.2953437609282255e-38,0.0000000000000000e+00,0.0000000000000000e+00,
-2.9271416252602360e-20,-2.2185564839555305e-07,-2.5411081253137274e-18,-1.7219218437410692e-38,-4.3044334006305447e-22,-6.8860312827846751e-38,-2.5411081253137274e-18,-1.7219218437410692e-38,-1.7219218437410692e-38,5.7383594023205633e-38,-1.7219218437410692e-38,0.0000000000000000e+00,0.0000000000000000e+00,
-1.7219540383790862e-38,-2.1828360703166721e-08,-2.5411556362135710e-18,-1.7219540383790862e-38,-1.7219540383790862e-38,-1.7219540383790862e-38,-2.5411556362135710e-18,-1.7219540383790862e-38,-1.7219540383790862e-38,-1.7210814938460706e-38,-1.7219540383790862e-38,0.0000000000000000e+00,0.0000000000000000e+00,
-1.7209210763810032e-38,-2.1815266354197894e-08,-2.5396312533642507e-18,-1.7209210763810032e-38,-1.7209210763810032e-38,-1.7209210763810032e-38,-2.5396312533642507e-18,-1.7209210763810032e-38,-1.7209210763810032e-38,-1.7209210763810032e-38,-1.7209210763810032e-38,0.0000000000000000e+00,0.0000000000000000e+00,
-1.7222059179470593e-38,-2.1831553656021985e-08,-2.5415273448477947e-18,-1.7222059179470593e-38,-1.7222059179470593e-38,-1.7222059179470593e-38,-2.5415273448477947e-18,-1.7222059179470593e-38,-1.7222059179470593e-38,-1.7221329143129791e-38,-1.7222059179470593e-38,0.0000000000000000e+00,0.0000000000000000e+00,
-2.8836163488330842e-19,-3.8880548512465763e-06,-2.5413923067890729e-18,-3.4430156413923381e-38,-1.1740520953919371e-20,-2.5247306213551788e-37,-2.5414887421421816e-18,-1.7221797597362533e-38,-1.7221797597362533e-38,2.4445411053885600e-36,-1.7221797597362533e-38,0.0000000000000000e+00,0.0000000000000000e+00,
-3.9129121651568345e-19,-4.0772116492368922e-06,-2.9096938962707865e-08,-2.8696735358764881e-38,-1.5262800383729515e-20,-2.4673589912009373e-37,-3.3873295135223150e-18,-2.2953437609282255e-38,-2.2953437609282255e-38,-2.2953437609282255e-38,-2.2953437609282255e-38,0.0000000000000000e+00,0.0000000000000000e+00,
-2.9839468892066930e-37,-1.6936647567611573e-18,-1.4548469481353931e-08,-1.1476718804641126e-38,2.0658093848354028e-37,-1.1476718804641126e-38,-1.6936647567611573e-18,-1.1476718804641126e-38,-1.1476718804641126e-38,-1.1476718804641126e-38,-1.1476718804641126e-38,0.0000000000000000e+00,0.0000000000000000e+00,
-5.7383594023205633e-38,-1.6936647567611573e-18,-1.4548469481353931e-08,-1.1476718804641126e-38,1.4254084755364278e-35,-1.1476718804641126e-38,-1.6936647567611573e-18,-1.1476718804641126e-38,-1.1476718804641126e-38,-1.1476718804641126e-38,-1.1476718804641126e-38,0.0000000000000000e+00,0.0000000000000000e+00,
-4.5906875218564504e-38,-1.6936647567611573e-18,-1.4548469481353931e-08,-1.1476718804641126e-38,4.5964258812587714e-35,-1.1476718804641126e-38,-1.6936647567611573e-18,-1.1476718804641126e-38,-1.1476718804641126e-38,-1.1476718804641126e-38,-1.1476718804641126e-38,0.0000000000000000e+00,0.0000000000000000e+00,
-2.9839468892066930e-37,-1.6936647567611573e-18,-1.4548469481353931e-08,-1.1476718804641126e-38,2.2723903233189431e-36,-1.1476718804641126e-38,-1.6936647567611573e-18,-1.1476718804641126e-38,-1.1476718804641126e-38,-1.1476718804641126e-38,-1.1476718804641126e-38,0.0000000000000000e+00,0.0000000000000000e+00,
-3.0987140772531043e-37,-5.6785491025066539e-11,-2.1829353431117439e-08,-1.7220323508060703e-38,-5.7338692932420648e-39,-1.7220323508060703e-38,-2.5412712049574404e-18,-1.7220323508060703e-38,-1.7220323508060703e-38,-1.7220323508060703e-38,-1.7220323508060703e-38,0.0000000000000000e+00,0.0000000000000000e+00,
-4.4488665563542001e-19,-4.0699555327314342e-06,-1.4548469481353933e-08,-4.0163850483396535e-38,-2.0526255080614871e-20,-2.6969779567513901e-37,-3.3873295135223142e-18,-2.2953437609282250e-38,-1.7220068084702834e-38,-1.1476718804641127e-38,-2.8697570008989456e-38,0.0000000000000000e+00,0.0000000000000000e+00,
-2.2923627950049417e-38,-2.1830804706151922e-08,-2.5414401556076391e-18,-1.7221468362198130e-38,-1.7221468362198130e-38,-1.7221468362198130e-38,-2.5414401556076391e-18,-1.7221468362198130e-38,-1.7221468362198130e-38,-1.1476718804641126e-38,-1.7221468362198130e-38,0.0000000000000000e+00,0.0000000000000000e+00,
-2.2953437609282255e-38,-2.9096938962707865e-08,-3.3873295135223150e-18,-2.2953437609282255e-38,-2.2953437609282255e-38,-2.2953437609282255e-38,-3.3873295135223150e-18,-2.2953437609282255e-38,-2.2953437609282255e-38,-2.2953437609282255e-38,-2.2953437609282255e-38,0.0000000000000000e+00,0.0000000000000000e+00,
-4.5528196427271275e-27,-2.9096938962707869e-08,-3.3873295135223154e-18,-2.2953437609282257e-38,-3.0627917007296880e-28,-2.2953437609282257e-38,-3.3873295135223154e-18,-2.2953437609282257e-38,-2.2953437609282257e-38,-2.2953437609282257e-38,-2.2953437609282257e-38,0.0000000000000000e+00,0.0000000000000000e+00,
-2.3718771125538179e-17,-2.4696135963046853e+01,-1.4573903868559096e-08,-9.4402860653435076e-21,-1.4418113620195507e-17,-6.4981466599634672e-35,-2.1148832840698362e-18,-2.2953437609282255e-38,-6.1748985500645525e-29,-1.1447882827745044e-38,-2.2953437609282255e-38,0.0000000000000000e+00,0.0000000000000000e+00,
-2.8693914487397036e-37,-3.3873295135223142e-18,-2.9096938962707859e-08,-2.2953437609282250e-38,6.3098752511500642e-38,-2.2953437609282250e-38,-3.3873295135223142e-18,-2.2953437609282250e-38,-2.2953437609282250e-38,-2.2953437609282250e-38,-2.2953437609282250e-38,0.0000000000000000e+00,0.0000000000000000e+00,
-5.7383594023205633e-38,-1.6936647567611573e-18,-1.4548469481353931e-08,-1.1476718804641126e-38,6.9376765174055614e-35,-1.1476718804641126e-38,-1.6936647567611573e-18,-1.1476718804641126e-38,-1.1476718804641126e-38,-1.1476718804641126e-38,-1.1476718804641126e-38,0.0000000000000000e+00,0.0000000000000000e+00,
-4.5906875218564504e-38,-1.6936647567611573e-18,-1.4548469481353931e-08,-1.1476718804641126e-38,1.6183252326111626e-32,-1.1476718804641126e-38,-1.6936647567611573e-18,-1.1476718804641126e-38,-1.1476718804641126e-38,-1.1476718804641126e-38,-1.1476718804641126e-38,0.0000000000000000e+00,0.0000000000000000e+00,
-4.5906875218564504e-38,-1.6936647567611573e-18,-1.4548469481353931e-08,-1.1476718804641126e-38,7.6511554336930883e-32,-1.1476718804641126e-38,-1.6936647567611573e-18,-1.1476718804641126e-38,-1.1476718804641126e-38,-1.1476718804641126e-38,-1.1476718804641126e-38,0.0000000000000000e+00,0.0000000000000000e+00,
-5.7383594023205633e-38,-1.6936647567611573e-18,-1.4548469481353931e-08,-1.1476718804641126e-38,1.4473749153285110e-33,-1.1476718804641126e-38,-1.6936647567611573e-18,-1.1476718804641126e-38,-1.1476718804641126e-38,-1.1476718804641126e-38,-1.1476718804641126e-38,0.0000000000000000e+00,0.0000000000000000e+00,
-2.9839468892066930e-37,-1.6936647567611573e-18,-1.4548469481353931e-08,-1.1476718804641126e-38,2.2609136045143019e-36,-1.1476718804641126e-38,-1.6936647567611573e-18,-1.1476718804641126e-38,-1.1476718804641126e-38,-1.1476718804641126e-38,-1.1476718804641126e-38,0.0000000000000000e+00,0.0000000000000000e+00,
-1.8654670081851920e-25,-4.0662877236484223e-06,-1.4590036537014941e-08,-2.8684063373594302e-38,-5.7753016302324976e-39,-2.4102615620823095e-37,-1.6985037989233319e-18,-2.2953437609282250e-38,-1.7224072500695734e-38,-1.1509509429797243e-38,-2.2953437609282250e-38,0.0000000000000000e+00,0.0000000000000000e+00,
-6.5959755092698669e-23,-2.9096938962707862e-08,-2.5416831748873665e-18,-2.2953437609282252e-38,-2.6864683084798646e-23,-2.2953437609282252e-38,-3.3873295135223146e-18,-2.2953437609282252e-38,-2.2953437609282252e-38,1.7100311018915277e-36,-2.2953437609282252e-38,0.0000000000000000e+00,0.0000000000000000e+00,

138,13
1.1476718804641126e-38,1.4548469481353931e-08,1.6936647567611573e-18,1.1476718804641126e-38,1.1476718804641126e-38,1.1476718804641126e-38,1.6936647567611573e-18,1.1476718804641126e-38,1.1476718804641126e-38,4.5906875218564504e-38,1.1476718804641126e-38,0.0000000000000000e+00,0.0000000000000000e+00,
1.1476718804641126e-38,7.2742347406769655e-09,8.4683237838057865e-19,1.1476718804641126e-38,1.1476718804641126e-38,1.1476718804641126e-38,8.4683237838057865e-19,1.1476718804641126e-38,1.1476718804641126e-38,1.1476718804641126e-38,1.1476718804641126e-38,0.0000000000000000e+00,0.0000000000000000e+00,
1.1476718804641126e-38,1.4548469481353931e-08,1.6936647567611573e-18,1.1476718804641126e-38,1.1476718804641126e-38,1.1476718804641126e-38,1.6936647567611573e-18,1.1476718804641126e-38,1.1476718804641126e-38,1.1476718804641126e-38,1.1476718804641126e-38,0.0000000000000000e+00,0.0000000000000000e+00,
1.1476718804641126e-38,1.4548469481353931e-08,1.6936647567611573e-18,1.1476718804641126e-38,1.1476718804641126e-38,1.1476718804641126e-38,1.6936647567611573e-18,1.1476718804641126e-38,1.1476718804641126e-38,1.1476718804641126e-38,1.1476718804641126e-38,0.0000000000000000e+00,0.0000000000000000e+00,
1.1476718804641126e-38,1.4548469481353931e-08,1.6936647567611573e-18,1.1476718804641126e-38,1.1476718804641126e-38,1.1476718804641126e-38,1.6936647567611573e-18,1.1476718804641126e-38,1.1476718804641126e-38,1.1476718804641126e-38,1.1476718804641126e-38,0.0000000000000000e+00,0.0000000000000000e+00,
1.1476718804641126e-38,1.4548469481353931e-08,1.6936647567611573e-18,1.1476718804641126e-38,1.1476718804641126e-38,1.1476718804641126e-38,1.6936647567611573e-18,1.1476718804641126e-38,1.1476718804641126e-38,3.4430156413923381e-38,1.1476718804641126e-38,0.0000000000000000e+00,0.0000000000000000e+00,
2.2953437609282257e-38,2.1822704222030895e-08,2.5404971351417358e-18,2.2953437609282257e-38,2.2953437609282257e-38,2.2953437609282257e-38,2.5404971351417358e-18,2.2953437609282257e-38,2.2953437609282257e-38,1.1540478353555802e-37,2.2953437609282257e-38,0.0000000000000000e+00,0.0000000000000000e+00,
3.7054022467551001e-12,7.3047987521924144e-09,6.9361936445511532e+00,8.4578504870768736e-20,1.7705973467698305e-12,4.0267453047318439e-38,5.1753689622112166e-02,2.8557766024650840e-20,1.2004482925922117e-28,7.2969970476183388e+00,9.3969100436682438e-21,6.9406626369143214e+18,5.1689926904229673e+24,
3.6342942881363569e-38,1.7071719657026252e-10,2.1822704222030898e-08,2.2953437609282255e-38,1.3536812044399649e-26,2.2953437609282255e-38,1.8878222503143650e-12,2.2953437609282255e-38,2.2953437609282255e-38,2.3986216314900296e-27,2.2953437609282255e-38,0.0000000000000000e+00,0.0000000000000000e+00,
3.4538427346042631e-38,2.5508243592683284e-18,2.1911414401795250e-08,2.2953437609282257e-38,3.4464701337525351e-33,2.2953437609282257e-38,2.5508243592683284e-18,2.2953437609282257e-38,2.2953437609282257e-38,2.2953437609282257e-38,2.2953437609282257e-38,0.0000000000000000e+00,0.0000000000000000e+00,
2.2953437609282252e-38,1.6936647567611573e-18,1.4548469481353931e-08,1.1476718804641126e-38,2.0932459042510292e-30,1.1476718804641126e-38,1.6936647567611573e-18,1.1476718804641126e-38,1.1476718804641126e-38,1.1476718804641126e-38,1.1476718804641126e-38,0.0000000000000000e+00,0.0000000000000000e+00,
2.2953437609282252e-38,1.6936647567611573e-18,1.4548469481353931e-08,1.1476718804641126e-38,2.2504251585903191e-29,1.1476718804641126e-38,1.6936647567611573e-18,1.1476718804641126e-38,1.1476718804641126e-38,1.1476718804641126e-38,1.1476718804641126e-38,0.0000000000000000e+00,0.0000000000000000e+00,
2.2953437609282252e-38,1.6936647567611573e-18,1.4548469481353931e-08,1.1476718804641126e-38,1.2371559878184939e-29,1.1476718804641126e-38,1.6936647567611573e-18,1.1476718804641126e-38,1.1476718804641126e-38,1.1476718804641126e-38,1.1476718804641126e-38,0.0000000000000000e+00,0.0000000000000000e+00,
2.2953437609282252e-38,1.6936647567611573e-18,1.4548469481353931e-08,1.1476718804641126e-38,1.2359536706891133e-31,1.1476718804641126e-38,1.6936647567611573e-18,1.1476718804641126e-38,1.1476718804641126e-38,1.1476718804641126e-38,1.1476718804641126e-38,0.0000000000000000e+00,0.0000000000000000e+00,
2.2953437609282252e-38,1.6936647567611573e-18,1.4548469481353931e-08,1.1476718804641126e-38,6.4258148587185666e-35,1.1476718804641126e-38,1.6936647567611573e-18,1.1476718804641126e-38,1.1476718804641126e-38,1.1476718804641126e-38,1.1476718804641126e-38,0.0000000000000000e+00,0.0000000000000000e+00,
4.2796822164296476e-19,1.4548469481353933e-08,4.0606424637256177e-06,2.8722648406238945e-38,3.2305559921531437e-20,2.8722648406238945e-38,1.7828557159638251e-11,5.1676086015521207e-38,2.5076903843350489e-36,1.1158112662388752e-24,2.8722648406238945e-38,2.3755105857854868e+12,3.0339693178947533e+18,
1.1476718804641126e-38,1.4548469481353931e-08,1.6936647567611573e-18,1.1476718804641126e-38,1.1476718804641126e-38,1.1476718804641126e-38,1.6936647567611573e-18,1.1476718804641126e-38,1.1476718804641126e-38,2.0210501814973023e-35,1.1476718804641126e-38,0.0000000000000000e+00,0.0000000000000000e+00,
1.1476718804641126e-38,7.2742347406769655e-09,8.4683237838057865e-19,1.1476718804641126e-38,1.1476718804641126e-38,1.1476718804641126e-38,8.4683237838057865e-19,1.1476718804641126e-38,1.1476718804641126e-38,1.1476718804641126e-38,1.1476718804641126e-38,0.0000000000000000e+00,0.0000000000000000e+00,
1.1476718804641126e-38,1.4548469481353931e-08,1.6936647567611573e-18,1.1476718804641126e-38,1.1476718804641126e-38,1.1476718804641126e-38,1.6936647567611573e-18,1.1476718804641126e-38,1.1476718804641126e-38,1.1476718804641126e-38,1.1476718804641126e-38,0.0000000000000000e+00,0.0000000000000000e+00,
1.1476718804641126e-38,1.4548469481353931e-08,1.6936647567611573e-18,1.1476718804641126e-38,1.1476718804641126e-38,1.1476718804641126e-38,1.6936647567611573e-18,1.1476718804641126e-38,1.1476718804641126e-38,1.1476718804641126e-38,1.1476718804641126e-38,0.0000000000000000e+00,0.0000000000000000e+00,
1.1476718804641126e-38,1.4548469481353931e-08,1.6936647567611573e-18,1.1476718804641126e-38,1.1476718804641126e-38,1.1476718804641126e-38,1.6936647567611573e-18,1.1476718804641126e-38,1.1476718804641126e-38,8.0337031632487891e-38,1.1476718804641126e-38,0.0000000000000000e+00,0.0000000000000000e+00,
1.1476718804641126e-38,1.4548469481353931e-08,1.6936647567611573e-18,1.1476718804641126e-38,1.1476718804641126e-38,1.1476718804641126e-38,1.6936647567611573e-18,1.1476718804641126e-38,1.1476718804641126e-38,7.2762397221424747e-36,1.1476718804641126e-38,0.0000000000000000e+00,0.0000000000000000e+00,
1.1476718804641126e-38,1.4548469481353931e-08,1.6936647567611573e-18,1.1476718804641126e-38,1.1476718804641126e-38,1.1476718804641126e-38,1.6936647567611573e-18,1.1476718804641126e-38,1.1476718804641126e-38,2.0199025096168383e-35,1.1476718804641126e-38,0.0000000000000000e+00,0.0000000000000000e+00,
1.1476718804641126e-38,1.4548469481353931e-08,1.6936647567611573e-18,1.1476718804641126e-38,1.1476718804641126e-38,1.1476718804641126e-38,1.6936647567611573e-18,1.1476718804641126e-38,1.1476718804641126e-38,1.5941162419646525e-35,1.1476718804641126e-38,0.0000000000000000e+00,0.0000000000000000e+00,
1.1476718804641126e-38,1.4548469481353931e-08,1.6936647567611573e-18,1.1476718804641126e-38,1.1476718804641126e-38,1.1476718804641126e-38,1.6936647567611573e-18,1.1476718804641126e-38,1.1476718804641126e-38,1.4690200069940641e-36,1.1476718804641126e-38,0.0000000000000000e+00,0.0000000000000000e+00,
1.1476718804641126e-38,1.4548469481353931e-08,1.6936647567611573e-18,1.1476718804641126e-38,1.1476718804641126e-38,1.1476718804641126e-38,1.6936647567611573e-18,1.1476718804641126e-38,1.1476718804641126e-38,2.2953437609282252e-38,1.1476718804641126e-38,0.0000000000000000e+00,0.0000000000000000e+00,
1.1476718804641126e-38,1.4548469481353931e-08,1.6936647567611573e-18,1.1476718804641126e-38,1.1476718804641126e-38,1.1476718804641126e-38,1.6936647567611573e-18,1.1476718804641126e-38,1.1476718804641126e-38,1.1476718804641126e-38,1.1476718804641126e-38,0.0000000000000000e+00,0.0000000000000000e+00,
1.1476718804641126e-38,1.4548469481353931e-08,1.6936647567611573e-18,1.1476718804641126e-38,1.1476718804641126e-38,1.1476718804641126e-38,1.6936647567611573e-18,1.1476718804641126e-38,1.1476718804641126e-38,1.1476718804641126e-38,1.1476718804641126e-38,0.0000000000000000e+00,0.0000000000000000e+00,
1.1476718804641126e-38,1.4548469481353931e-08,1.6936647567611573e-18,1.1476718804641126e-38,1.1476718804641126e-38,1.1476718804641126e-38,1.6936647567611573e-18,1.1476718804641126e-38,1.1476718804641126e-38,1.1476718804641126e-38,1.1476718804641126e-38,0.0000000000000000e+00,0.0000000000000000e+00,
1.1476718804641126e-38,1.4548469481353931e-08,1.6936647567611573e-18,1.1476718804641126e-38,1.1476718804641126e-38,1.1476718804641126e-38,1.6936647567611573e-18,1.1476718804641126e-38,1.1476718804641126e-38,1.1476718804641126e-38,1.1476718804641126e-38,0.0000000000000000e+00,0.0000000000000000e+00,
1.1476718804641126e-38,1.4548469481353931e-08,1.6936647567611573e-18,1.1476718804641126e-38,1.1476718804641126e-38,1.1476718804641126e-38,1.6936647567611573e-18,1.1476718804641126e-38,1.1476718804641126e-38,7.2188561281192685e-36,1.1476718804641126e-38,0.0000000000000000e+00,0.0000000000000000e+00,
4.4989282287117768e-23,2.1826504762647761e-08,7.9180526697929543e-10,2.2953437609282257e-38,2.7474605329486533e-23,2.2953437609282257e-38,2.5409395763007646e-18,2.2953437609282257e-38,2.2953437609282257e-38,7.2421275049865479e-28,2.2953437609282257e-38,7.8639122029154909e+08,5.2605020627130644e+14,
5.3902909704670296e-19,2.1826374370739614e-08,4.0606710541061817e-06,2.8694981450782793e-38,3.4860731090162737e-20,2.8694974397761359e-38,1.7826303823401560e-11,4.5906875218564510e-38,2.5076661876905322e-36,1.1158057489618908e-24,2.8694981450782793e-38,2.3757725257395522e+12,3.0335990179688684e+18,
3.7339875470179445e-19,2.1822704222030895e-08,4.0606713780075014e-06,2.2959561792208953e-38,2.1997948811419270e-20,2.8694776429776400e-38,1.7828553445273372e-11,4.5912784960482450e-38,2.5134014182164070e-36,1.1158111583585188e-24,2.2959561792208953e-38,2.3755108579370200e+12,3.0339690720339026e+18,
5.1149589537484065e-19,1.8187357600168723e-08,4.0605859745460015e-06,2.8688734920139464e-38,2.5926686750586294e-20,3.4436241630680871e-38,1.7828245405024211e-11,4.5912809406157391e-38,2.5076660694958296e-36,1.1158082172443535e-24,2.8688734920139464e-38,2.3752489243108364e+12,3.0337545646215301e+18,
4.5238238865627652e-19,2.1822704222030891e-08,3.8213826635967930e-06,2.2953437609282255e-38,2.4151266279511881e-20,2.2953437609282255e-38,1.1614086865465181e-12,3.4436539461089470e-38,2.4674945429978423e-36,1.0963013237789308e-24,2.2953437609282255e-38,2.2345029125140952e+12,2.6308087842384312e+18,
2.2953437609282255e-38,2.1822704222030895e-08,2.5404971351417358e-18,2.2953437609282255e-38,2.2953437609282255e-38,2.2953437609282255e-38,2.5404971351417358e-18,2.2953437609282255e-38,2.2953437609282255e-38,4.2877828790768651e-34,2.2953437609282255e-38,0.0000000000000000e+00,0.0000000000000000e+00,
1.1476718804641126e-38,1.4548469481353931e-08,1.6936647567611573e-18,1.1476718804641126e-38,1.1476718804641126e-38,1.1476718804641126e-38,1.6936647567611573e-18,1.1476718804641126e-38,1.1476718804641126e-38,5.7383594023205633e-38,1.1476718804641126e-38,0.0000000000000000e+00,0.0000000000000000e+00,
1.1476718804641126e-38,1.4548469481353931e-08,1.6936647567611573e-18,1.1476718804641126e-38,1.1476718804641126e-38,1.1476718804641126e-38,1.6936647567611573e-18,1.1476718804641126e-38,1.1476718804641126e-38,1.1476718804641126e-38,1.1476718804641126e-38,0.0000000000000000e+00,0.0000000000000000e+00,
1.1476718804641126e-38,1.4548469481353931e-08,1.6936647567611573e-18,1.1476718804641126e-38,1.1476718804641126e-38,1.1476718804641126e-38,1.6936647567611573e-18,1.1476718804641126e-38,1.1476718804641126e-38,1.1476718804641126e-38,1.1476718804641126e-38,0.0000000000000000e+00,0.0000000000000000e+00,
1.1476718804641126e-38,1.4548469481353931e-08,1.6936647567611573e-18,1.1476718804641126e-38,1.1476718804641126e-38,1.1476718804641126e-38,1.6936647567611573e-18,1.1476718804641126e-38,1.1476718804641126e-38,2.1117162600539673e-36,1.1476718804641126e-38,0.0000000000000000e+00,0.0000000000000000e+00,
2.7782175697930913e-20,2.1822704222030898e-08,2.2532996591342654e-07,2.2962145286675756e-38,6.0631319519548029e-22,2.2962145286675756e-38,2.5404971351417361e-18,2.2962145286675756e-38,1.2050107134935402e-37,8.2441936935530970e-26,2.2962145286675756e-38,1.3182250731304681e+11,1.2497869828275206e+17,
4.0916698694337960e-19,1.8183536616421647e-08,4.0606713481810014e-06,2.8688085265546977e-38,3.5163912951493609e-20,3.4430156413923376e-38,1.7827717296797624e-11,4.5914725231426769e-38,2.5019322005351674e-36,1.1157991185925803e-24,2.8688085265546977e-38,2.3752489826927617e+12,3.0334292525109770e+18,
2.1463979804880311e-25,1.0913421005992886e-08,4.0605858888955910e-06,2.2959892456753930e-38,1.1065640766264379e-27,2.2959892456753930e-38,1.7827834670569326e-11,4.5906875218564510e-38,2.5019182878370141e-36,1.1157940183652143e-24,2.2959892456753930e-38,2.3755111714434238e+12,3.0329807718102636e+18,
2.2953437609282255e-38,2.2744682996774520e-10,2.1822704222030898e-08,2.2953437609282255e-38,6.4258148587185666e-35,2.2953437609282255e-38,2.5404971351417361e-18,2.2953437609282255e-38,2.2953437609282255e-38,2.2953437609282255e-38,2.2953437609282255e-38,0.0000000000000000e+00,0.0000000000000000e+00,
2.8688591224227216e-38,5.4546601009350043e-09,2.1817782547646135e-08,2.2953437609282255e-38,1.2218587691359776e-29,2.2953437609282255e-38,1.5460107794122910e-16,2.2953437609282255e-38,2.2953437609282255e-38,8.4025802741746335e-33,2.2953437609282255e-38,0.0000000000000000e+00,0.0000000000000000e+00,
5.7403744861268955e-19,1.8187829217518761e-08,4.0606710199124636e-06,2.8695334841074034e-38,2.0753952145129906e-20,2.8702306827357987e-38,1.7827749805820690e-11,4.5906875218564504e-38,2.5076664382954777e-36,1.1158006403115899e-24,2.8695334841074034e-38,2.3755102792569175e+12,3.0334678150517678e+18,
4.1215960575038344e-19,2.1822704222030898e-08,4.0606146145821018e-06,2.8687903959091060e-38,2.4740145794727123e-20,2.8687772916650274e-38,1.7827044129769398e-11,4.5915061180622025e-38,2.5134014182164070e-36,1.1157976802045793e-24,2.8687903959091060e-38,2.3755098250251768e+12,3.0333169366016517e+18,
2.2953437609282255e-38,2.5462615077292836e-08,2.9642385287784082e-18,2.2953437609282255e-38,2.2953437609282255e-38,2.2953437609282255e-38,2.9642385287784082e-18,2.2953437609282255e-38,2.2953437609282255e-38,4.2877822675927871e-34,2.2953437609282255e-38,0.0000000000000000e+00,0.0000000000000000e+00,
1.1476718804641126e-38,1.4548469481353931e-08,1.6936647567611573e-18,1.1476718804641126e-38,1.1476718804641126e-38,1.1476718804641126e-38,1.6936647567611573e-18,1.1476718804641126e-38,1.1476718804641126e-38,2.2953437609282252e-38,1.1476718804641126e-38,0.0000000000000000e+00,0.0000000000000000e+00,
2.2953437609282257e-38,2.5455927462422556e-08,2.9634599879410300e-18,2.2953437609282257e-38,2.2953437609282257e-38,2.2953437609282257e-38,2.9634599879410300e-18,2.2953437609282257e-38,2.2953437609282257e-38,2.2953437609282257e-38,2.2953437609282257e-38,0.0000000000000000e+00,0.0000000000000000e+00,
4.0161140032950478e-38,1.8196608419481319e-08,1.0160888758257357e-17,2.2953437609282255e-38,2.2953437609282255e-38,2.2953437609282255e-38,2.1183640253126295e-18,2.2953437609282255e-38,2.2953437609282255e-38,3.2354016268108389e-33,2.2953437609282255e-38,0.0000000000000000e+00,0.0000000000000000e+00,
5.0519358204520035e-19,1.8195416898639279e-08,4.1218741890636754e-06,2.8697200363205759e-38,2.5531446622169322e-20,3.4430156413923381e-38,1.7956557740606379e-11,5.1650294902544962e-38,2.5478464794599467e-36,1.1332337191115585e-24,2.8697200363205759e-38,2.4111523663847915e+12,3.0750803265331256e+18,
3.4442768192829574e-38,1.1365991782307761e-10,2.1822704222030901e-08,2.2953437609282257e-38,6.3466254989665428e-35,2.2953437609282257e-38,2.5404971351417365e-18,2.2953437609282257e-38,2.2953437609282257e-38,2.2953437609282257e-38,2.2953437609282257e-38,0.0000000000000000e+00,0.0000000000000000e+00,
2.2953437609282252e-38,1.6936647567611573e-18,1.4548469481353931e-08,1.1476718804641126e-38,1.4953028407285729e-32,1.1476718804641126e-38,1.6936647567611573e-18,1.1476718804641126e-38,1.1476718804641126e-38,1.1476718804641126e-38,1.1476718804641126e-38,0.0000000000000000e+00,0.0000000000000000e+00,
2.2953437609282252e-38,1.6936647567611573e-18,1.4548469481353931e-08,1.1476718804641126e-38,1.2359623929954049e-31,1.1476718804641126e-38,1.6936647567611573e-18,1.1476718804641126e-38,1.1476718804641126e-38,1.1476718804641126e-38,1.1476718804641126e-38,0.0000000000000000e+00,0.0000000000000000e+00,
2.2953437609282252e-38,1.6936647567611573e-18,1.4548469481353931e-08,1.1476718804641126e-38,7.1572938607792934e-32,1.1476718804641126e-38,1.6936647567611573e-18,1.1476718804641126e-38,1.1476718804641126e-38,1.1476718804641126e-38,1.1476718804641126e-38,0.0000000000000000e+00,0.0000000000000000e+00,
2.2953437609282252e-38,1.6936647567611573e-18,1.4548469481353931e-08,1.1476718804641126e-38,1.3273169599131602e-33,1.1476718804641126e-38,1.6936647567611573e-18,1.1476718804641126e-38,1.1476718804641126e-38,1.1476718804641126e-38,1.1476718804641126e-38,0.0000000000000000e+00,0.0000000000000000e+00,
2.8196674924021041e-19,1.0914536977364257e-08,4.0605864001615634e-06,2.2962502947990505e-38,2.6312099131734838e-20,2.2953437609282257e-38,1.7827707680347817e-11,4.5915940557272760e-38,2.5019342793106013e-36,1.1157990954417155e-24,2.2962502947990505e-38,2.3752491579731729e+12,3.0332928339604332e+18,
2.7921635099476339e-19,2.1822704222030901e-08,3.8213756331119654e-06,2.2953437609282257e-38,2.3313889070139684e-20,2.2953437609282257e-38,1.1614078673000394e-12,3.4444538267062030e-38,2.4617635974965581e-36,1.0963013386449569e-24,2.2953437609282257e-38,2.2345030210366328e+12,2.6308089095652480e+18,
1.1476718804641126e-38,1.4548469481353931e-08,1.6936647567611573e-18,1.1476718804641126e-38,1.1476718804641126e-38,1.1476718804641126e-38,1.6936647567611573e-18,1.1476718804641126e-38,1.1476718804641126e-38,1.4690200069940641e-36,1.1476718804641126e-38,0.0000000000000000e+00,0.0000000000000000e+00,
2.2953437609282257e-38,2.5467125040904196e-08,2.9647635576436525e-18,2.2953437609282257e-38,2.2953437609282257e-38,2.2953437609282257e-38,2.9647635576436525e-18,2.2953437609282257e-38,2.2953437609282257e-38,4.5906875218564510e-38,2.2953437609282257e-38,0.0000000000000000e+00,0.0000000000000000e+00,
8.2481316339156106e-18,2.1837080180016423e-08,6.1341754791448819e+00,2.8711315240862412e-38,2.2997382160984549e-17,2.8711315240862412e-38,7.6544763736468534e-03,3.5788207634250479e-21,1.7164455113111761e-28,3.9801988613559847e-03,2.5192492000649900e-25,3.5983592557138278e+18,2.5292073220795244e+24,
2.4704128136244548e-25,1.4548469481353933e-08,4.1790480133689419e-06,2.2953437609282255e-38,1.3560077622648453e-27,2.2953437609282255e-38,1.9874583556943635e-11,4.0176126372480439e-38,2.5478467957428031e-36,1.1414383806513167e-24,2.2953437609282255e-38,2.4441753365241133e+12,3.1449260764368855e+18,
3.4430156413923376e-38,2.9651660349509318e-18,2.5470582294648490e-08,2.2953437609282257e-38,2.1294018837319193e-33,2.2953437609282257e-38,2.9651660349509318e-18,2.2953437609282257e-38,2.2953437609282257e-38,2.2953437609282257e-38,2.2953437609282257e-38,0.0000000000000000e+00,0.0000000000000000e+00,
2.2953437609282252e-38,1.6936647567611573e-18,1.4548469481353931e-08,1.1476718804641126e-38,1.1615708181560674e-30,1.1476718804641126e-38,1.6936647567611573e-18,1.1476718804641126e-38,1.1476718804641126e-38,1.1476718804641126e-38,1.1476718804641126e-38,0.0000000000000000e+00,0.0000000000000000e+00,
2.2953437609282252e-38,1.6936647567611573e-18,1.4548469481353931e-08,1.1476718804641126e-38,1.2371664465523406e-29,1.1476718804641126e-38,1.6936647567611573e-18,1.1476718804641126e-38,1.1476718804641126e-38,1.1476718804641126e-38,1.1476718804641126e-38,0.0000000000000000e+00,0.0000000000000000e+00,
2.2953437609282252e-38,1.6936647567611573e-18,1.4548469481353931e-08,1.1476718804641126e-38,6.7845068969394391e-30,1.1476718804641126e-38,1.6936647567611573e-18,1.1476718804641126e-38,1.1476718804641126e-38,1.1476718804641126e-38,1.1476718804641126e-38,0.0000000000000000e+00,0.0000000000000000e+00,
2.2953437609282252e-38,1.6936647567611573e-18,1.4548469481353931e-08,1.1476718804641126e-38,7.1572938607792934e-32,1.1476718804641126e-38,1.6936647567611573e-18,1.1476718804641126e-38,1.1476718804641126e-38,1.1476718804641126e-38,1.1476718804641126e-38,0.0000000000000000e+00,0.0000000000000000e+00,
2.2953437609282252e-38,1.6936647567611573e-18,1.4548469481353931e-08,1.1476718804641126e-38,4.2624533640437145e-35,1.1476718804641126e-38,1.6936647567611573e-18,1.1476718804641126e-38,1.1476718804641126e-38,1.1476718804641126e-38,1.1476718804641126e-38,0.0000000000000000e+00,0.0000000000000000e+00,
3.7380875320215532e-19,1.8191967759359675e-08,4.0606146107456295e-06,2.8707306091068543e-38,3.9774876714830680e-20,2.8719473986212073e-38,1.7828247614016241e-11,5.1654460279088151e-38,2.5133805514549437e-36,1.1158082411240843e-24,2.8707306091068543e-38,2.3757722204736436e+12,3.0337553639553336e+18,
1.1476718804641126e-38,1.4548469481353931e-08,1.6936647567611573e-18,1.1476718804641126e-38,1.1476718804641126e-38,1.1476718804641126e-38,1.6936647567611573e-18,1.1476718804641126e-38,1.1476718804641126e-38,1.5941162419646525e-35,1.1476718804641126e-38,0.0000000000000000e+00,0.0000000000000000e+00,
2.2953437609282255e-38,2.1822704222030898e-08,2.5404971351417361e-18,2.2953437609282255e-38,2.2953437609282255e-38,2.2953437609282255e-38,2.5404971351417361e-18,2.2953437609282255e-38,2.2953437609282255e-38,2.2953437609282255e-38,2.2953437609282255e-38,0.0000000000000000e+00,0.0000000000000000e+00,
6.9256617847461756e-19,2.1822704222030898e-08,1.5969875476365761e-03,2.2953437609282255e-38,1.7307475810405813e-20,2.8912503142461302e-38,1.6337577172335693e-12,1.2279630052213817e-33,1.7326653719508530e-31,4.3801362589885659e-16,7.2801131147390390e-34,9.3411345232777738e+14,1.1663185135207195e+20,
4.2898619354488480e-09,1.3619761092987586e-09,2.2622938962953345e+01,6.0935114917376671e-19,4.7926542206364850e-08,4.0414445504914823e-38,7.0041815109208319e+00,4.5037056874562032e-19,2.3852441040995672e-28,1.5791713304650987e+03,7.6222737118570094e-20,9.0346942551534089e+20,1.6231854716653963e+27,
2.8788510934113840e-38,2.5404971351417354e-18,2.1822704222030891e-08,2.2953437609282255e-38,6.5431643084960217e-35,2.2953437609282255e-38,2.5404971351417354e-18,2.2953437609282255e-38,2.2953437609282255e-38,2.2953437609282255e-38,2.2953437609282255e-38,0.0000000000000000e+00,0.0000000000000000e+00,
2.2953437609282252e-38,1.6936647567611573e-18,1.4548469481353931e-08,1.1476718804641126e-38,1.2359544740594296e-31,1.1476718804641126e-38,1.6936647567611573e-18,1.1476718804641126e-38,1.1476718804641126e-38,1.1476718804641126e-38,1.1476718804641126e-38,0.0000000000000000e+00,0.0000000000000000e+00,
2.2953437609282252e-38,1.6936647567611573e-18,1.4548469481353931e-08,1.1476718804641126e-38,1.2371559878184939e-29,1.1476718804641126e-38,1.6936647567611573e-18,1.1476718804641126e-38,1.1476718804641126e-38,1.1476718804641126e-38,1.1476718804641126e-38,0.0000000000000000e+00,0.0000000000000000e+00,
2.2953437609282252e-38,1.6936647567611573e-18,1.4548469481353931e-08,1.1476718804641126e-38,2.2504251585903191e-29,1.1476718804641126e-38,1.6936647567611573e-18,1.1476718804641126e-38,1.1476718804641126e-38,1.1476718804641126e-38,1.1476718804641126e-38,0.0000000000000000e+00,0.0000000000000000e+00,
2.2953437609282252e-38,1.6936647567611573e-18,1.4548469481353931e-08,1.1476718804641126e-38,2.0932458927743103e-30,1.1476718804641126e-38,1.6936647567611573e-18,1.1476718804641126e-38,1.1476718804641126e-38,1.1476718804641126e-38,1.1476718804641126e-38,0.0000000000000000e+00,0.0000000000000000e+00,
2.2953437609282252e-38,1.6936647567611573e-18,1.4548469481353931e-08,1.1476718804641126e-38,3.4461028787507862e-33,1.1476718804641126e-38,1.6936647567611573e-18,1.1476718804641126e-38,1.1476718804641126e-38,1.1476718804641126e-38,1.1476718804641126e-38,0.0000000000000000e+00,0.0000000000000000e+00,
2.2953437609282255e-38,1.7026613673890166e-10,1.4658685159242976e-08,2.2953437609282255e-38,1.0558581300269837e-36,2.2953437609282255e-38,1.7064955503729843e-18,2.2953437609282255e-38,2.2953437609282255e-38,2.2953437609282255e-38,2.2953437609282255e-38,0.0000000000000000e+00,0.0000000000000000e+00,
3.9503163591065398e-22,2.2102482481287700e-08,4.0476202130142623e-09,2.2953437609282255e-38,9.0296908275541213e-23,2.2953437609282255e-38,2.5730676112332964e-18,2.2953437609282255e-38,2.2953437609282255e-38,2.6787561200305686e-27,2.2953437609282255e-38,3.1449831232817569e+09,2.3846102707359455e+15,
1.1476718804641126e-38,7.2742347406769655e-09,8.4683237838057865e-19,1.1476718804641126e-38,1.1476718804641126e-38,1.1476718804641126e-38,8.4683237838057865e-19,1.1476718804641126e-38,1.1476718804641126e-38,1.1476718804641126e-38,1.1476718804641126e-38,0.0000000000000000e+00,0.0000000000000000e+00,
1.1476718804641126e-38,1.4548469481353931e-08,1.6936647567611573e-18,1.1476718804641126e-38,1.1476718804641126e-38,1.1476718804641126e-38,1.6936647567611573e-18,1.1476718804641126e-38,1.1476718804641126e-38,1.1476718804641126e-38,1.1476718804641126e-38,0.0000000000000000e+00,0.0000000000000000e+00,
1.1476718804641126e-38,1.4548469481353931e-08,1.6936647567611573e-18,1.1476718804641126e-38,1.1476718804641126e-38,1.1476718804641126e-38,1.6936647567611573e-18,1.1476718804641126e-38,1.1476718804641126e-38,1.1476718804641126e-38,1.1476718804641126e-38,0.0000000000000000e+00,0.0000000000000000e+00,
1.1476718804641126e-38,1.4548469481353931e-08,1.6936647567611573e-18,1.1476718804641126e-38,1.1476718804641126e-38,1.1476718804641126e-38,1.6936647567611573e-18,1.1476718804641126e-38,1.1476718804641126e-38,2.2953437609282252e-38,1.1476718804641126e-38,0.0000000000000000e+00,0.0000000000000000e+00,
1.1476718804641126e-38,1.4548469481353931e-08,1.6936647567611573e-18,1.1476718804641126e-38,1.1476718804641126e-38,1.1476718804641126e-38,1.6936647567611573e-18,1.1476718804641126e-38,1.1476718804641126e-38,1.4690200069940641e-36,1.1476718804641126e-38,0.0000000000000000e+00,0.0000000000000000e+00,
1.1476718804641126e-38,1.4548469481353931e-08,1.6936647567611573e-18,1.1476718804641126e-38,1.1476718804641126e-38,1.1476718804641126e-38,1.6936647567611573e-18,1.1476718804641126e-38,1.1476718804641126e-38,1.5941162419646525e-35,1.1476718804641126e-38,0.0000000000000000e+00,0.0000000000000000e+00,
1.1476718804641126e-38,1.4548469481353931e-08,1.6936647567611573e-18,1.1476718804641126e-38,1.1476718804641126e-38,1.1476718804641126e-38,1.6936647567611573e-18,1.1476718804641126e-38,1.1476718804641126e-38,2.0199025096168383e-35,1.1476718804641126e-38,0.0000000000000000e+00,0.0000000000000000e+00,
1.1476718804641126e-38,1.4548469481353931e-08,1.6936647567611573e-18,1.1476718804641126e-38,1.1476718804641126e-38,1.1476718804641126e-38,1.6936647567611573e-18,1.1476718804641126e-38,1.1476718804641126e-38,7.2762397221424747e-36,1.1476718804641126e-38,0.0000000000000000e+00,0.0000000000000000e+00,
1.1476718804641126e-38,1.4548469481353931e-08,1.6936647567611573e-18,1.1476718804641126e-38,1.1476718804641126e-38,1.1476718804641126e-38,1.6936647567611573e-18,1.1476718804641126e-38,1.1476718804641126e-38,8.0337031632487891e-38,1.1476718804641126e-38,0.0000000000000000e+00,0.0000000000000000e+00,
1.1476718804641126e-38,1.4548469481353931e-08,1.6936647567611573e-18,1.1476718804641126e-38,1.1476718804641126e-38,1.1476718804641126e-38,1.6936647567611573e-18,1.1476718804641126e-38,1.1476718804641126e-38,1.1476718804641126e-38,1.1476718804641126e-38,0.0000000000000000e+00,0.0000000000000000e+00,
1.1476718804641126e-38,1.4548469481353931e-08,1.6936647567611573e-18,1.1476718804641126e-38,1.1476718804641126e-38,1.1476718804641126e-38,1.6936647567611573e-18,1.1476718804641126e-38,1.1476718804641126e-38,1.1476718804641126e-38,1.1476718804641126e-38,0.0000000000000000e+00,0.0000000000000000e+00,
1.1476718804641126e-38,7.2742347406769655e-09,8.4683237838057865e-19,1.1476718804641126e-38,1.1476718804641126e-38,1.1476718804641126e-38,8.4683237838057865e-19,1.1476718804641126e-38,1.1476718804641126e-38,1.1476718804641126e-38,1.1476718804641126e-38,0.0000000000000000e+00,0.0000000000000000e+00,
1.1476718804641126e-38,1.4548469481353931e-08,1.6936647567611573e-18,1.1476718804641126e-38,1.1476718804641126e-38,1.1476718804641126e-38,1.6936647567611573e-18,1.1476718804641126e-38,1.1476718804641126e-38,1.1476718804641126e-38,1.1476718804641126e-38,0.0000000000000000e+00,0.0000000000000000e+00,
1.1476718804641126e-38,1.4548469481353931e-08,1.6936647567611573e-18,1.1476718804641126e-38,1.1476718804641126e-38,1.1476718804641126e-38,1.6936647567611573e-18,1.1476718804641126e-38,1.1476718804641126e-38,5.7383594023205633e-38,1.1476718804641126e-38,0.0000000000000000e+00,0.0000000000000000e+00,
2.2953437609282255e-38,1.8191655456870954e-08,2.1177874245763471e-18,2.2953437609282255e-38,2.2953437609282255e-38,2.2953437609282255e-38,2.1177874245763471e-18,2.2953437609282255e-38,2.2953437609282255e-38,4.2878402306844918e-34,2.2953437609282255e-38,0.0000000000000000e+00,0.0000000000000000e+00,
3.9299455690934157e-19,2.1822704222030895e-08,3.8213755558922043e-06,2.2953437609282255e-38,1.7595144107477983e-20,2.2953437609282255e-38,1.1614082628943109e-12,3.4436553693078694e-38,2.4674945429978423e-36,1.0963013237803972e-24,2.2953437609282255e-38,2.2345029125140952e+12,2.6308087842384302e+18,
5.1149589537484065e-19,1.8187357600168723e-08,4.0605859745460015e-06,2.8688734920139464e-38,2.5926686750586291e-20,3.4436241630680871e-38,1.7828245405024208e-11,4.5912809406157391e-38,2.5076660694958296e-36,1.1158082172443535e-24,2.8688734920139464e-38,2.3752489243108359e+12,3.0337545646215301e+18,
3.7339875470179445e-19,2.1822704222030895e-08,4.0606713780075023e-06,2.2959561792208953e-38,2.1997948811419270e-20,2.8694776429776400e-38,1.7828553445273372e-11,4.5912784960482450e-38,2.5134014182164066e-36,1.1158111583585188e-24,2.2959561792208953e-38,2.3755108579370200e+12,3.0339690720339026e+18,
3.9761972753897500e-19,2.1826374370739614e-08,4.0606710541061817e-06,2.8694686417142752e-38,1.7002472573903791e-20,2.8694686417142752e-38,1.7826302977033960e-11,4.5906875218564510e-38,2.5076661876905322e-36,1.1158057489589576e-24,2.8694686417142752e-38,2.3757725257395522e+12,3.0335990179688678e+18,
5.5517146494745145e-23,2.1822704222030895e-08,7.9180526655658721e-10,2.2953437609282255e-38,1.3702571473985008e-23,2.2953437609282255e-38,2.5404971351417358e-18,2.2953437609282255e-38,2.2953437609282255e-38,7.2421275047570776e-28,2.2953437609282255e-38,7.8639122029154909e+08,5.2605020627130638e+14,
1.1476718804641126e-38,1.4548469481353931e-08,1.6936647567611573e-18,1.1476718804641126e-38,1.1476718804641126e-38,1.1476718804641126e-38,1.6936647567611573e-18,1.1476718804641126e-38,1.1476718804641126e-38,7.2188561281192685e-36,1.1476718804641126e-38,0.0000000000000000e+00,0.0000000000000000e+00,
1.1476718804641126e-38,1.4548469481353931e-08,1.6936647567611573e-18,1.1476718804641126e-38,1.1476718804641126e-38,1.1476718804641126e-38,1.6936647567611573e-18,1.1476718804641126e-38,1.1476718804641126e-38,1.1476718804641126e-38,1.1476718804641126e-38,0.0000000000000000e+00,0.0000000000000000e+00,
1.1476718804641126e-38,1.4548469481353931e-08,1.6936647567611573e-18,1.1476718804641126e-38,1.1476718804641126e-38,1.1476718804641126e-38,1.6936647567611573e-18,1.1476718804641126e-38,1.1476718804641126e-38,1.1476718804641126e-38,1.1476718804641126e-38,0.0000000000000000e+00,0.0000000000000000e+00,
1.1476718804641126e-38,1.4548469481353931e-08,1.6936647567611573e-18,1.1476718804641126e-38,1.1476718804641126e-38,1.1476718804641126e-38,1.6936647567611573e-18,1.1476718804641126e-38,1.1476718804641126e-38,2.2953437609282252e-38,1.1476718804641126e-38,0.0000000000000000e+00,0.0000000000000000e+00,
2.2953437609282255e-38,2.1822704222030898e-08,2.5404971351417361e-18,2.2953437609282255e-38,2.2953437609282255e-38,2.2953437609282255e-38,2.5404971351417361e-18,2.2953437609282255e-38,2.2953437609282255e-38,4.2878971243028206e-34,2.2953437609282255e-38,0.0000000000000000e+00,0.0000000000000000e+00,
5.1602643940493421e-19,2.1822704222030895e-08,4.0606145429689186e-06,2.8696098630345190e-38,2.5340570587506845e-20,2.8687389669511942e-38,1.7827044553500160e-11,5.1649536239627437e-38,2.5076673347897960e-36,1.1157979075517481e-24,2.8696098630345190e-38,2.3755098250251768e+12,3.0333169366016681e+18,
3.3010279142304360e-19,1.4548469481353933e-08,4.0606709577842173e-06,2.2960566006055322e-38,2.1129664530725481e-20,2.2960566006055322e-38,1.7827751498973452e-11,4.5913650141117426e-38,2.5076664382954773e-36,1.1158006403130631e-24,2.2960566006055322e-38,2.3755102792569175e+12,3.0334678150517688e+18,
2.8688591224227216e-38,5.4546601009350043e-09,2.1817728685272567e-08,2.2953437609282255e-38,1.2218587691359776e-29,2.2953437609282255e-38,1.5460107794122910e-16,2.2953437609282255e-38,2.2953437609282255e-38,8.4025802741746335e-33,2.2953437609282255e-38,0.0000000000000000e+00,0.0000000000000000e+00,
2.2953437609282255e-38,2.2744682996774520e-10,2.1822704222030898e-08,2.2953437609282255e-38,6.4258148587185666e-35,2.2953437609282255e-38,2.5404971351417361e-18,2.2953437609282255e-38,2.2953437609282255e-38,2.2953437609282255e-38,2.2953437609282255e-38,0.0000000000000000e+00,0.0000000000000000e+00,
3.4296884159304713e-25,1.0913425724111421e-08,4.0605858888955901e-06,2.8695009978793360e-38,1.1110457981368756e-27,2.2953437609282255e-38,1.7827833399601478e-11,5.1648447588075617e-38,2.5019182878370144e-36,1.1157940183696205e-24,2.8695009978793360e-38,2.3755111714434238e+12,3.0329807718102636e+18,
5.2938640597987012e-19,2.1822704222030895e-08,4.0606712301593387e-06,2.8695627692111709e-38,2.0638788130259552e-20,3.4423316891393791e-38,1.7827716873111052e-11,5.1649065301393967e-38,2.5076595122384354e-36,1.1157991175363617e-24,2.8695627692111709e-38,2.3752489826927617e+12,3.0334292525109755e+18,
2.2123541022582316e-20,2.1822704222030895e-08,2.2532981263332262e-07,2.2953437609282257e-38,9.7687534824560367e-22,2.2953437609282257e-38,2.5404971351417358e-18,2.2953437609282257e-38,1.1475823584765568e-37,8.2441884688770329e-26,2.2953437609282257e-38,1.3182250731304681e+11,1.2497869828273883e+17,
2.2953437609282255e-38,2.1827998424898925e-08,2.5411134614724346e-18,2.2953437609282255e-38,2.2953437609282255e-38,2.2953437609282255e-38,2.5411134614724346e-18,2.2953437609282255e-38,2.2953437609282255e-38,2.1116983556564560e-36,2.2953437609282255e-38,0.0000000000000000e+00,0.0000000000000000e+00,
2.2953437609282257e-38,2.1822704222030898e-08,2.5404971351417361e-18,2.2953437609282257e-38,2.2953437609282257e-38,2.2953437609282257e-38,2.5404971351417361e-18,2.2953437609282257e-38,2.2953437609282257e-38,2.2953437609282257e-38,2.2953437609282257e-38,0.0000000000000000e+00,0.0000000000000000e+00,
2.2953437609282255e-38,2.1830768783827654e-08,2.5414359736986987e-18,2.2953437609282255e-38,2.2953437609282255e-38,2.2953437609282255e-38,2.5414359736986987e-18,2.2953437609282255e-38,2.2953437609282255e-38,1.4977043515908588e-36,2.2953437609282255e-38,0.0000000000000000e+00,0.0000000000000000e+00,
4.0889177686150266e-19,2.1822704222030898e-08,3.8844836603188319e-06,2.2953437609282257e-38,2.4156980393817197e-20,2.2953437609282257e-38,1.1763446470705817e-12,4.5906875218564504e-38,2.5191472300335350e-36,1.1146629069888077e-24,2.2953437609282257e-38,2.2717172931975781e+12,2.6746242931527337e+18,
3.8262590869400578e-19,1.4548469481353929e-08,4.0606431739422144e-06,2.2953437609282255e-38,2.2867981226078278e-20,2.8686991015453468e-38,1.7827725886895172e-11,4.5906875218564499e-38,2.5076676348582662e-36,1.1158015529556487e-24,2.2963246770653743e-38,2.3752491579731729e+12,3.0332928339610086e+18,
2.2953437609282252e-38,1.6936647567611573e-18,1.4548469481353931e-08,1.1476718804641126e-38,1.3273169599131602e-33,1.1476718804641126e-38,1.6936647567611573e-18,1.1476718804641126e-38,1.1476718804641126e-38,1.1476718804641126e-38,1.1476718804641126e-38,0.0000000000000000e+00,0.0000000000000000e+00,
2.2953437609282252e-38,1.6936647567611573e-18,1.4548469481353931e-08,1.1476718804641126e-38,7.1572938607792934e-32,1.1476718804641126e-38,1.6936647567611573e-18,1.1476718804641126e-38,1.1476718804641126e-38,1.1476718804641126e-38,1.1476718804641126e-38,0.0000000000000000e+00,0.0000000000000000e+00,
2.2953437609282252e-38,1.6936647567611573e-18,1.4548469481353931e-08,1.1476718804641126e-38,1.2359625077625929e-31,1.1476718804641126e-38,1.6936647567611573e-18,1.1476718804641126e-38,1.1476718804641126e-38,1.1476718804641126e-38,1.1476718804641126e-38,0.0000000000000000e+00,0.0000000000000000e+00,
2.2953437609282252e-38,1.6936647567611573e-18,1.4548469481353931e-08,1.1476718804641126e-38,1.4953028407285729e-32,1.1476718804641126e-38,1.6936647567611573e-18,1.1476718804641126e-38,1.1476718804641126e-38,1.1476718804641126e-38,1.1476718804641126e-38,0.0000000000000000e+00,0.0000000000000000e+00,
2.2953437609282255e-38,8.5267312366879668e-11,1.8195416898639279e-08,2.2953437609282255e-38,6.3466254989665428e-35,2.2953437609282255e-38,2.1182253140303398e-18,2.2953437609282255e-38,2.2953437609282255e-38,2.2953437609282255e-38,2.2953437609282255e-38,0.0000000000000000e+00,0.0000000000000000e+00,
5.0463519325319817e-19,1.8195208855317649e-08,4.0607280399059311e-06,2.8698485076174286e-38,2.4629888975836647e-20,2.8707707435084286e-38,1.7827750893589734e-11,5.1650827563772316e-38,2.5076798376427482e-36,1.1158006218641268e-24,2.8698485076174286e-38,2.3755100097812520e+12,3.0334682730671800e+18,
2.8699210912639405e-38,2.5455418302574783e-08,1.0159788975947772e-17,2.2953437609282257e-38,2.2953437609282257e-38,2.2953437609282257e-38,2.9634007139334901e-18,2.2953437609282257e-38,2.2953437609282257e-38,3.1334793836657821e-33,2.2953437609282257e-38,0.0000000000000000e+00,0.0000000000000000e+00,
2.2953437609282257e-38,2.5470456438481477e-08,2.9651513833647450e-18,2.2953437609282257e-38,2.2953437609282257e-38,2.2953437609282257e-38,2.9651513833647450e-18,2.2953437609282257e-38,2.2953437609282257e-38,2.2953437609282257e-38,2.2953437609282257e-38,0.0000000000000000e+00,0.0000000000000000e+00,
6.1601891995793235e-28,2.5464697084822914e-08,4.9713285549579993e-11,2.2953437609282257e-38,1.7443079813841804e-27,2.2953437609282257e-38,2.9644809063550684e-18,2.2953437609282257e-38,2.2953437609282257e-38,1.9549284295412252e-28,2.2953437609282257e-38,0.0000000000000000e+00,0.0000000000000000e+00,
1.4773863069112119e-17,1.8201775801412022e-08,2.2853537193794896e+01,3.4430156413923381e-38,3.0626073833431570e-16,4.0235240925573247e-38,4.0245733172600306e-01,1.2137510655487378e-20,3.4348816634633051e-28,1.7481931958437473e+00,1.5702138759724697e-23,1.5066182767319589e+19,2.1513347971324162e+25,
2.3005368463601895e-38,2.9654364041492565e-18,2.5472904748377791e-08,2.2953437609282257e-38,4.2996970959010230e-35,2.2953437609282257e-38,2.9654364041492565e-18,2.2953437609282257e-38,2.2953437609282257e-38,2.2953437609282257e-38,2.2953437609282257e-38,0.0000000000000000e+00,0.0000000000000000e+00,
2.2953437609282252e-38,1.6936647567611573e-18,1.4548469481353931e-08,1.1476718804641126e-38,7.1572973037949345e-32,1.1476718804641126e-38,1.6936647567611573e-18,1.1476718804641126e-38,1.1476718804641126e-38,1.1476718804641126e-38,1.1476718804641126e-38,0.0000000000000000e+00,0.0000000000000000e+00,
2.2953437609282252e-38,1.6936647567611573e-18,1.4548469481353931e-08,1.1476718804641126e-38,6.7845068969394391e-30,1.1476718804641126e-38,1.6936647567611573e-18,1.1476718804641126e-38,1.1476718804641126e-38,1.1476718804641126e-38,1.1476718804641126e-38,0.0000000000000000e+00,0.0000000000000000e+00,
2.2953437609282252e-38,1.6936647567611573e-18,1.4548469481353931e-08,1.1476718804641126e-38,1.2371664465523406e-29,1.1476718804641126e-38,1.6936647567611573e-18,1.1476718804641126e-38,1.1476718804641126e-38,1.1476718804641126e-38,1.1476718804641126e-38,0.0000000000000000e+00,0.0000000000000000e+00,
2.2953437609282252e-38,1.6936647567611573e-18,1.4548469481353931e-08,1.1476718804641126e-38,1.1615708066793485e-30,1.1476718804641126e-38,1.6936647567611573e-18,1.1476718804641126e-38,1.1476718804641126e-38,1.1476718804641126e-38,1.1476718804641126e-38,0.0000000000000000e+00,0.0000000000000000e+00,
2.2953437609282252e-38,1.6936647567611573e-18,1.4548469481353931e-08,1.1476718804641126e-38,2.1292756398250681e-33,1.1476718804641126e-38,1.6936647567611573e-18,1.1476718804641126e-38,1.1476718804641126e-38,1.1476718804641126e-38,1.1476718804641126e-38,0.0000000000000000e+00,0.0000000000000000e+00,
2.5083180702187162e-25,1.4548469481353931e-08,4.0606429015341875e-06,2.2953437609282257e-38,1.1124593437080556e-27,2.2986511726874883e-38,1.7827834179541489e-11,4.5906875218564515e-38,2.5019396820733899e-36,1.1157940051295766e-24,2.2953437609282257e-38,2.3755112960346113e+12,3.0329795080277780e+18,
6.5934030706558397e-23,2.9096938962707862e-08,8.3281156119835688e-10,2.2953437609282255e-38,2.1843653938979268e-23,2.2953437609282255e-38,3.3873295135223146e-18,2.2953437609282255e-38,2.2953437609282255e-38,7.5364045595533497e-28,2.2953437609282255e-38,5.2416385388029289e+08,3.7019276773841562e+14,

